0 0 -0.000000 0.000000 0.000000 0.435000
0 1 -0.002835 -0.001196 -0.000909 0.706000
0 2 -0.005427 -0.000464 -0.000750 0.708000
0 3 -0.004904 -0.003114 -0.000201 0.660000
0 4 -0.006929 -0.008104 -0.000322 0.462000
0 5 -0.008221 -0.010449 0.004183 0.637000
0 6 -0.009252 -0.009917 0.005079 0.624000
0 7 -0.009801 -0.008842 0.006434 0.632000
0 8 -0.013707 -0.007758 0.001848 0.785000
0 9 -0.014574 -0.011595 0.004881 0.765000
0 10 -0.013837 -0.011123 0.007662 0.662000
0 11 -0.015417 -0.012656 0.006925 0.711000
0 12 -0.016740 -0.011519 0.003782 0.678000
0 13 -0.017210 -0.012350 0.002399 0.454000
0 14 -0.017193 -0.011089 0.003551 0.639000
0 18 -0.017259 -0.012397 0.004896 0.460000
0 19 -0.021423 -0.010202 0.007074 0.449000
0 20 -0.020991 -0.009322 0.001352 0.639000
0 21 -0.019336 -0.009481 0.004986 0.645000
0 22 -0.022059 -0.010649 0.006640 0.591000
0 23 -0.030017 -0.010892 0.008456 0.484000
0 24 -0.035580 -0.011235 0.010696 0.441000
0 25 -0.070757 -0.016950 0.013280 0.675000
0 27 -0.242614 -0.034653 0.026310 0.441000
0 28 -0.365276 -0.040830 0.028230 0.645000
0 29 -0.485390 -0.046474 0.036187 0.713000
0 30 -0.587961 -0.052363 0.035852 0.537000
0 31 -0.672601 -0.055584 0.037102 0.604000
0 32 -0.741631 -0.061382 0.035752 0.645000
0 33 -0.805539 -0.059670 0.044298 0.670000
0 34 -0.859700 -0.066143 0.044714 0.458000
0 36 -1.017599 -0.070634 0.051733 0.471000
0 37 -1.142451 -0.077900 0.055742 0.670000
0 38 -1.289392 -0.093421 0.055745 1.051000
0 39 -1.437607 -0.097029 0.055935 0.701000
0 40 -1.578384 -0.093081 0.060056 0.765000
0 43 -1.931072 -0.110175 0.049558 0.627000
0 44 -2.059099 -0.107850 0.041522 0.545000
0 45 -2.206796 -0.100502 0.038427 0.652000
0 46 -2.377432 -0.082169 0.053952 0.488000
0 47 -2.563684 -0.059809 0.059940 0.573000
0 48 -2.745747 -0.031200 0.070102 0.486000
0 49 -2.922439 0.005124 0.072122 0.558000
0 50 -2.977271 0.018037 0.066835 0.480000
0 51 -3.129289 0.053156 0.066788 0.445000
0 52 -3.282922 0.093338 0.059463 0.492000
0 53 -3.431526 0.143068 0.071392 0.826000
0 54 -3.573784 0.194156 0.074834 0.627000
0 58 -3.978823 0.408677 0.084793 0.793000
0 59 -4.000623 0.423031 0.082674 0.759000
0 60 -3.999549 0.424551 0.087651 0.798000
0 61 -4.001170 0.425032 0.080867 0.693000
0 62 -4.004353 0.424753 0.082897 0.665000
0 65 -4.003713 0.422773 0.084493 0.680000
0 66 -4.007223 0.423412 0.082607 0.655000
0 67 -4.003623 0.422036 0.081799 0.668000
0 68 -3.997679 0.415974 0.082930 0.563000
0 69 -3.995099 0.413773 0.083677 0.480000
0 70 -3.987471 0.408886 0.082086 0.662000
0 71 -3.959672 0.393617 0.085604 0.673000
0 72 -3.885204 0.342120 0.084504 0.517000
0 73 -3.740320 0.238283 0.088405 0.535000
0 74 -3.578181 0.096357 0.070746 0.997000
0 76 -3.276211 -0.160725 0.071668 0.691000
0 78 -3.045699 -0.380253 0.098657 0.652000
0 79 -2.938659 -0.497194 0.109429 0.540000
0 80 -2.824605 -0.637277 0.119895 0.701000
0 81 -2.686840 -0.824656 0.147154 0.673000
0 82 -2.563735 -1.090595 0.107657 0.624000
0 83 -2.471299 -1.363610 0.095977 0.688000
0 84 -2.423609 -1.633258 0.095105 0.678000
0 85 -2.407435 -1.907017 0.077487 0.685000
0 86 -2.411186 -2.147062 0.092199 0.662000
0 89 -2.463087 -2.727465 0.088630 0.650000
0 90 -2.516154 -3.048944 0.071805 0.757000
0 91 -2.602731 -3.401457 0.047204 0.734000
0 92 -2.702955 -3.754846 0.027703 0.642000
0 93 -2.811929 -4.085623 0.006172 0.424000
0 94 -2.909198 -4.402520 -0.008936 0.456000
0 96 -3.093441 -4.941770 -0.011093 0.437000
0 97 -3.184169 -5.218065 -0.012826 0.703000
0 98 -3.273600 -5.516389 -0.008347 0.637000
0 99 -3.378257 -5.880872 -0.006956 0.588000
0 100 -3.492400 -6.329361 -0.013080 0.925000
0 102 -3.722173 -7.328768 -0.019444 0.711000
0 103 -3.810301 -7.810305 -0.018731 0.706000
0 104 -3.879645 -8.278446 -0.026813 0.566000
0 105 -3.940400 -8.709140 -0.036826 0.611000
0 106 -3.981550 -9.110560 -0.037010 0.711000
0 107 -4.020758 -9.466159 -0.043900 0.701000
0 108 -4.055081 -9.790455 -0.041972 0.652000
0 109 -4.093656 -10.095956 -0.044481 0.777000
0 110 -4.122854 -10.360614 -0.044333 0.662000
0 111 -4.166738 -10.605272 -0.050031 0.665000
0 112 -4.204501 -10.859136 -0.050243 0.560000
0 115 -4.445490 -11.808728 -0.069925 0.532000
0 116 -4.561375 -12.166878 -0.072105 0.678000
0 117 -4.690284 -12.469486 -0.073785 0.744000
0 118 -4.826101 -12.742144 -0.080312 0.675000
0 119 -4.995155 -12.986863 -0.087504 0.675000
0 120 -5.145000 -13.204789 -0.094028 0.545000
0 121 -5.312465 -13.398087 -0.098502 0.721000
0 122 -5.469953 -13.578419 -0.105181 0.435000
0 123 -5.652903 -13.757853 -0.106149 0.711000
0 124 -5.872870 -13.971126 -0.108551 0.729000
0 125 -6.119441 -14.176283 -0.110287 0.578000
0 127 -6.647508 -14.507029 -0.113010 0.535000
0 128 -6.906167 -14.640927 -0.121905 0.673000
0 129 -7.179182 -14.749821 -0.132382 0.703000
0 130 -7.473760 -14.859627 -0.137133 0.759000
0 131 -7.822626 -14.962451 -0.138585 0.548000
0 132 -8.197555 -15.030796 -0.140650 0.560000
0 133 -8.574170 -15.035139 -0.145243 0.749000
0 134 -8.925077 -14.986585 -0.146186 0.673000
0 135 -9.241592 -14.909093 -0.145211 0.560000
0 137 -9.767162 -14.692299 -0.140525 0.464000
0 138 -9.978251 -14.552911 -0.141247 0.691000
0 139 -10.153797 -14.432092 -0.138888 0.668000
0 140 -10.312211 -14.294274 -0.137342 0.719000
0 141 -10.452069 -14.123125 -0.128461 0.611000
0 143 -10.781273 -13.636040 -0.127316 0.527000
0 144 -10.934633 -13.330529 -0.128281 0.629000
0 145 -11.052010 -13.021952 -0.124746 0.627000
0 146 -11.140159 -12.736100 -0.122719 0.479000
0 148 -11.253921 -12.222522 -0.117842 0.647000
0 149 -11.300483 -12.002760 -0.116046 0.624000
0 150 -11.346094 -11.782144 -0.113583 0.599000
0 151 -11.388745 -11.553950 -0.112420 0.599000
0 152 -11.437978 -11.295191 -0.112475 0.642000
0 154 -11.559378 -10.558444 -0.110680 0.693000
0 155 -11.612452 -10.092616 -0.103704 0.670000
0 156 -11.667547 -9.622594 -0.097684 0.685000
0 158 -11.728190 -8.743232 -0.088390 1.081000
0 159 -11.740998 -8.458283 -0.086668 0.650000
0 160 -11.758743 -7.996651 -0.082318 0.573000
0 161 -11.765210 -7.508984 -0.076173 0.553000
0 162 -11.787271 -6.996181 -0.066827 0.484000
0 164 -11.832469 -6.042386 -0.055485 0.655000
0 165 -11.842994 -5.585257 -0.050330 0.647000
0 166 -11.865509 -5.128063 -0.054067 0.647000
0 167 -11.882233 -4.628768 -0.048167 0.688000
0 168 -11.905803 -4.134335 -0.044836 0.974000
0 170 -11.942901 -3.513299 -0.037831 0.445000
0 171 -11.966762 -3.072227 -0.034448 0.555000
0 172 -12.006366 -2.629570 -0.033401 0.566000
0 173 -12.036737 -2.212710 -0.030084 0.657000
0 174 -12.072845 -1.800702 -0.026938 0.678000
0 176 -12.147345 -1.018994 -0.020620 1.013000
0 177 -12.181226 -0.611132 -0.013937 0.460000
0 178 -12.246608 -0.191358 -0.009159 0.887000
0 182 -12.692180 1.280931 -0.008435 0.701000
0 185 -13.327841 2.050317 -0.009736 0.624000
0 186 -13.646282 2.294854 -0.009420 0.688000
0 187 -14.020618 2.478788 -0.009819 0.673000
0 188 -14.407176 2.597403 -0.014986 0.678000
0 189 -14.792443 2.639007 -0.018502 0.609000
0 190 -15.155635 2.632299 -0.019443 0.632000
0 191 -15.483291 2.561216 -0.018858 0.668000
0 192 -15.799725 2.472706 -0.022628 0.999000
0 193 -16.108046 2.339594 -0.021742 0.678000
0 195 -16.787467 1.875210 -0.022935 0.668000
0 196 -17.127417 1.493429 -0.018216 0.685000
0 198 -17.577924 0.583459 -0.029370 0.560000
0 199 -17.691791 0.122404 -0.049415 0.790000
0 200 -17.767543 -0.315557 -0.049694 0.713000
0 201 -17.811744 -0.729566 -0.051153 0.545000
0 203 -17.867622 -1.468383 -0.059919 0.614000
0 204 -17.870616 -1.822397 -0.063020 0.473000
0 205 -17.890936 -2.206091 -0.058988 0.657000
0 206 -17.897112 -2.656683 -0.064304 0.627000
0 207 -17.903574 -3.219264 -0.083401 0.475000
0 208 -17.888440 -3.812883 -0.086852 0.775000
0 209 -17.900167 -4.399389 -0.089606 0.652000
0 210 -17.913359 -4.930023 -0.098619 0.624000
0 211 -17.940647 -5.450254 -0.098106 0.678000
0 214 -18.025707 -7.030118 -0.109024 0.703000
0 215 -18.072840 -7.659300 -0.117190 0.573000
0 217 -18.172190 -9.026014 -0.128423 0.660000
0 218 -18.217778 -9.701554 -0.132796 0.678000
0 219 -18.245055 -10.376531 -0.134267 0.647000
0 220 -18.285786 -11.060463 -0.128453 0.454000
0 221 -18.302674 -11.755236 -0.146430 0.706000
0 222 -18.311517 -12.469801 -0.156398 0.614000
0 223 -18.329105 -13.184544 -0.164556 0.622000
0 224 -18.332166 -13.885486 -0.181329 0.703000
0 226 -18.380987 -15.352041 -0.190616 0.685000
0 227 -18.403238 -16.136177 -0.207902 0.675000
0 228 -18.435780 -16.944110 -0.221942 0.721000
0 229 -18.466722 -17.718332 -0.224420 0.637000
0 230 -18.508535 -18.464753 -0.230407 0.475000
0 232 -18.602148 -19.934317 -0.248271 0.729000
0 233 -18.632744 -20.649232 -0.262222 0.693000
0 234 -18.657987 -21.383458 -0.265756 0.790000
0 236 -18.694726 -22.876857 -0.287227 0.680000
0 237 -18.694797 -23.610524 -0.287486 0.392000
0 238 -18.681052 -24.344055 -0.291523 0.708000
0 239 -18.666111 -25.089659 -0.320682 0.652000
0 241 -18.645953 -26.598063 -0.343840 0.657000
0 242 -18.630206 -27.341499 -0.352800 0.652000
0 243 -18.622127 -28.105199 -0.354106 0.614000
0 244 -18.632525 -28.852593 -0.337302 0.698000
0 245 -18.632794 -29.587710 -0.344257 0.918000
0 247 -18.640839 -30.988070 -0.381842 0.678000
0 249 -18.648597 -32.460076 -0.382201 0.673000
0 251 -18.656209 -33.997009 -0.365124 0.650000
0 254 -18.634094 -36.260568 -0.389587 0.583000
0 256 -18.615960 -37.826966 -0.399523 0.609000
0 257 -18.575036 -38.582099 -0.426142 0.460000
0 258 -18.567015 -39.334287 -0.433316 0.426000
0 259 -18.533285 -40.062854 -0.434387 0.494000
0 261 -18.480605 -41.467434 -0.448107 0.475000
0 262 -18.459075 -42.167418 -0.445775 0.632000
0 263 -18.416720 -42.895460 -0.463805 0.614000
0 264 -18.396926 -43.662128 -0.467604 0.655000
0 265 -18.352361 -44.437607 -0.484172 0.655000
0 266 -18.336752 -45.199138 -0.478472 0.490000
0 267 -18.313901 -45.937973 -0.488592 0.650000
0 269 -18.266191 -47.416879 -0.514671 0.711000
