0 1626766711.872864 -0.000000 0.000000 -0.000000 0.000000 0.000000 0.000000 1.000000
1 1626766711.973787 0.018396 0.003800 0.024799 0.000310 0.000036 -0.000738 1.000000
2 1626766712.073254 0.046034 0.011639 0.059654 0.001390 -0.000215 -0.002896 0.999995
3 1626766712.174155 0.079798 0.016791 0.089778 0.002198 0.000235 -0.005364 0.999983
4 1626766712.573572 0.142526 0.036233 0.065968 0.005908 0.021209 -0.030119 0.999304
5 1626766712.873631 0.149911 0.049303 0.045763 0.004017 0.019552 -0.027481 0.999423
6 1626766713.173948 0.176216 0.025258 0.055196 0.004863 0.020359 -0.029451 0.999347
7 1626766713.572926 0.237702 -0.005384 0.042928 0.005472 0.018820 -0.021495 0.999577
8 1626766713.973614 0.311517 -0.026830 0.025839 0.006375 0.018539 0.009466 0.999763
9 1626766714.273646 0.399623 -0.027073 0.066623 0.007179 0.018376 0.045080 0.998789
10 1626766714.673056 0.422792 -0.021600 0.068077 0.007601 0.018058 0.089865 0.995761
11 1626766714.974088 0.422706 0.007243 0.065184 0.008441 0.017258 0.132049 0.991057
12 1626766715.373756 0.427450 0.068894 0.069743 0.010138 0.016329 0.179389 0.983591
13 1626766715.773214 0.441193 0.109121 0.063875 0.011959 0.015693 0.254444 0.966886
14 1626766716.173956 0.441697 0.143445 0.010850 0.013481 0.011801 0.331190 0.943394
15 1626766716.573422 0.471024 0.201284 0.000024 0.015666 0.010812 0.407729 0.912905
16 1626766716.974283 0.467799 0.314039 -0.036624 0.026431 0.002951 0.448297 0.893489
17 1626766717.373812 0.462302 0.441253 0.003685 0.022290 0.007084 0.493009 0.869710
18 1626766717.773098 0.435582 0.550371 -0.007191 0.028677 -0.000562 0.584799 0.810671
19 1626766718.074382 0.489649 0.673575 -0.016180 0.029266 -0.002284 0.629503 0.776443
20 1626766718.473968 0.525512 0.872065 -0.009696 0.028336 -0.001372 0.653197 0.756656
21 1626766718.873249 0.471400 1.038029 0.006106 0.024938 0.004135 0.667352 0.744314
22 1626766719.272818 0.432948 1.232009 -0.036709 0.035079 0.012191 0.720754 0.692195
23 1626766719.573967 0.427568 1.417530 -0.036289 0.036686 0.011117 0.755631 0.653875
24 1626766719.974736 0.378365 1.649010 -0.051620 0.039365 0.008430 0.766050 0.641519
25 1626766720.372865 0.358438 1.846272 -0.012791 0.041990 0.009695 0.755731 0.653463
26 1626766720.772299 0.319142 2.077709 -0.048155 0.047855 -0.000460 0.765608 0.641525
27 1626766721.073530 0.276354 2.280947 -0.031809 0.042098 0.008024 0.767156 0.640027
28 1626766721.373673 0.228650 2.449806 -0.031685 0.061722 0.007663 0.757420 0.649959
29 1626766721.772948 0.165525 2.616691 -0.037964 0.054442 0.018096 0.759195 0.648330
30 1626766722.173787 0.125047 2.824158 -0.049673 0.043565 0.006713 0.803197 0.594081
31 1626766722.573174 0.056891 2.977773 -0.034169 0.051028 -0.001390 0.841996 0.537063
32 1626766722.972749 -0.038598 3.155678 -0.018165 0.063272 0.002281 0.885593 0.460127
33 1626766723.273952 -0.119763 3.288346 -0.050692 0.053929 -0.007802 0.917433 0.394142
34 1626766723.673336 -0.255965 3.418788 -0.021751 0.049374 -0.011585 0.957995 0.282264
35 1626766723.974639 -0.410967 3.518132 -0.030205 0.055283 -0.020152 0.973052 0.222950
36 1626766724.372695 -0.619854 3.630470 -0.006984 0.060619 -0.005282 0.992143 0.109317
37 1626766724.673954 -0.797171 3.704621 0.021968 0.066129 -0.016670 0.996840 0.040722
38 1626766724.974175 -0.984016 3.773491 0.027432 0.072284 -0.004373 0.997258 0.015272
39 1626766725.373381 -1.245446 3.792735 0.096361 0.079542 0.006750 0.996806 -0.002295
40 1626766725.673264 -1.493196 3.829551 0.082049 0.073148 -0.002211 0.997207 -0.014897
41 1626766726.074000 -1.816487 3.861771 0.140875 0.072409 -0.000443 0.997111 -0.022935
42 1626766726.273080 -1.956697 3.844169 0.145881 0.078076 0.006802 0.996675 -0.022271
43 1626766726.672554 -2.275447 3.816515 0.174225 0.077753 0.006455 0.996878 -0.012126
44 1626766726.772099 -2.343783 3.821356 0.166121 0.080810 0.000796 0.996657 -0.011998
45 1626766727.073346 -2.553720 3.814836 0.227739 0.095667 -0.007139 0.995269 -0.015401
46 1626766727.474070 -2.870630 3.784639 0.290932 0.095043 0.000429 0.995327 -0.017049
47 1626766727.575363 -2.951047 3.767193 0.325217 0.093063 0.004941 0.995593 -0.010511
48 1626766727.772671 -3.094186 3.745171 0.329764 0.095020 0.007204 0.995449 -0.000579
49 1626766727.973232 -3.246718 3.740483 0.330032 0.092127 -0.002306 0.995733 -0.004760
50 1626766728.373915 -3.572424 3.722053 0.387150 0.091804 -0.002649 0.995645 -0.016029
51 1626766728.574258 -3.759836 3.697647 0.415329 0.093182 0.006262 0.995538 -0.013482
52 1626766728.972404 -4.092516 3.666999 0.437556 0.084458 0.016686 0.996245 -0.009196
53 1626766729.373132 -4.468477 3.675964 0.435197 0.088654 0.011952 0.995492 -0.031500
54 1626766729.573542 -4.667783 3.653794 0.463841 0.078640 -0.002839 0.996477 -0.029015
55 1626766729.773932 -4.861522 3.663798 0.480826 0.080028 0.002446 0.996441 -0.026344
56 1626766730.172133 -5.206386 3.654092 0.546869 0.077491 0.014704 0.996686 -0.019900
57 1626766730.475234 -5.467008 3.622124 0.509849 0.083568 0.020475 0.995372 -0.042791
58 1626766730.874427 -5.887843 3.594916 0.530838 0.076818 0.027237 0.996400 -0.023336
59 1626766731.173012 -6.145179 3.551987 0.559188 0.077735 0.026126 0.996629 0.002334
60 1626766731.371771 -6.298915 3.526319 0.603383 0.080565 0.026434 0.996381 -0.005922
61 1626766731.672975 -6.605840 3.499311 0.612318 0.088212 0.016365 0.995855 -0.014964
62 1626766731.974257 -6.924539 3.472243 0.663635 0.078752 0.004401 0.996770 -0.015094
63 1626766732.372416 -7.303676 3.407572 0.717299 0.078774 0.007655 0.996851 -0.004927
64 1626766732.773143 -7.728226 3.368141 0.740339 0.083413 0.004805 0.996219 -0.023818
65 1626766733.174252 -8.126993 3.337288 0.801373 0.082115 0.004537 0.996328 -0.023826
66 1626766733.572093 -8.526953 3.298278 0.854788 0.080429 0.017456 0.996517 -0.013397
67 1626766733.873328 -8.842292 3.313926 0.844661 0.087773 0.007840 0.995730 -0.027507
68 1626766734.075963 -9.060561 3.284567 0.870093 0.081232 0.000798 0.996140 -0.033252
69 1626766734.373640 -9.398142 3.270117 0.907152 0.080624 0.007001 0.996375 -0.026210
70 1626766734.774596 -9.801114 3.219732 0.956243 0.074772 0.005122 0.996555 -0.035505
71 1626766734.973492 -10.043000 3.223497 0.977409 0.076580 0.001325 0.996310 -0.038731
72 1626766735.372931 -10.460566 3.131952 1.028644 0.073915 -0.000445 0.996674 -0.034306
73 1626766735.473795 -10.577412 3.126646 1.031417 0.073027 0.003304 0.996765 -0.033388
74 1626766735.573276 -10.696780 3.113347 1.028851 0.070276 0.001856 0.997116 -0.028597
75 1626766735.672851 -10.769271 3.091901 1.064412 0.062163 0.005422 0.997579 -0.030706
76 1626766735.873250 -10.971830 3.048017 1.043513 0.062945 -0.001896 0.997262 -0.038763
77 1626766736.274017 -11.407842 2.996905 1.101496 0.076576 -0.002400 0.996263 -0.039867
78 1626766736.572584 -11.673444 2.932740 1.142987 0.084408 0.008250 0.995733 -0.036361
79 1626766736.972036 -12.101361 2.838196 1.176656 0.077740 0.015883 0.995882 -0.043862
80 1626766737.273314 -12.432549 2.801987 1.182942 0.086480 0.016361 0.994176 -0.062188
81 1626766737.674090 -12.909659 2.712538 1.232221 0.079730 0.019197 0.995879 -0.038724
82 1626766738.072230 -13.264719 2.632744 1.265100 0.085799 0.019722 0.995599 -0.032118
83 1626766738.374063 -13.576404 2.584932 1.307132 0.085581 0.010861 0.995694 -0.033929
84 1626766738.772919 -13.967008 2.497459 1.327880 0.101931 0.031063 0.993888 -0.028839
85 1626766739.172363 -14.364695 2.376891 1.365101 0.085517 0.034853 0.994805 -0.042837
86 1626766739.473656 -14.695336 2.329016 1.413114 0.087085 0.027886 0.993940 -0.061010
87 1626766739.873131 -15.147117 2.241463 1.434031 0.078302 0.025129 0.995950 -0.036349
88 1626766740.272579 -15.540385 2.180079 1.491744 0.065188 0.021279 0.996806 -0.040929
89 1626766740.673314 -15.974078 2.148247 1.537071 0.075958 0.013988 0.995862 -0.047902
90 1626766741.072815 -16.410961 2.122745 1.583304 0.076821 0.010393 0.995797 -0.048782
91 1626766741.473969 -16.845869 2.109192 1.597940 0.091469 0.011066 0.994193 -0.055595
92 1626766741.872993 -17.281166 2.080075 1.650666 0.084188 0.009273 0.995381 -0.045207
93 1626766742.273701 -17.696973 2.030345 1.718184 0.080459 0.014095 0.995493 -0.048171
94 1626766742.673243 -18.117103 1.983443 1.756393 0.083756 0.002705 0.993699 -0.074437
95 1626766742.973185 -18.452966 1.947189 1.800689 0.086313 0.010935 0.992417 -0.086823
96 1626766743.372812 -18.827025 1.873338 1.829409 0.093947 0.019760 0.989807 -0.105192
97 1626766743.571683 -19.027693 1.834183 1.815238 0.086772 0.005995 0.988020 -0.127477
98 1626766743.872920 -19.327975 1.769064 1.872228 0.075957 0.004187 0.983610 -0.163478
99 1626766744.275208 -19.746109 1.633162 1.896529 0.073550 0.010822 0.979087 -0.189371
100 1626766744.572315 -20.011865 1.539336 1.929434 0.052322 0.011805 0.976188 -0.210190
101 1626766744.671819 -20.077794 1.510064 1.909381 0.041163 0.002777 0.974162 -0.222052
102 1626766744.973117 -20.352058 1.390425 1.958839 0.041419 -0.002458 0.962768 -0.267127
103 1626766745.372545 -20.677513 1.179107 2.004351 0.054520 0.000183 0.948827 -0.311055
104 1626766745.672902 -20.903046 1.025220 2.024231 0.058691 -0.002413 0.934804 -0.350272
105 1626766746.073250 -21.222424 0.791258 2.077507 0.061825 -0.007089 0.900411 -0.430567
106 1626766746.473996 -21.497674 0.501975 2.075405 0.065859 -0.018127 0.884615 -0.461292
107 1626766746.872118 -21.681449 0.216364 2.094256 -0.063397 0.021629 -0.853263 0.517161
108 1626766747.173351 -21.818916 -0.016809 2.137294 -0.065081 0.024892 -0.814858 0.575457
109 1626766747.474638 -21.977062 -0.265856 2.140696 -0.065666 0.020157 -0.787928 0.611924
110 1626766747.872801 -22.074859 -0.634039 2.190779 -0.062290 0.017384 -0.761625 0.644783
111 1626766748.174061 -22.144540 -0.924327 2.185544 -0.064776 0.019283 -0.765699 0.639638
112 1626766748.572171 -22.180377 -1.248016 2.207409 -0.070894 -0.000914 -0.748597 0.659224
113 1626766748.873396 -22.164045 -1.509850 2.205951 -0.078639 -0.021605 -0.743734 0.663483
114 1626766749.272877 -22.142262 -1.859989 2.183041 -0.073268 -0.013119 -0.741999 0.666256
115 1626766749.673665 -22.136050 -2.162966 2.196981 -0.075824 -0.018687 -0.742408 0.665382
116 1626766750.071733 -22.087474 -2.467500 2.202189 -0.061778 -0.026068 -0.711709 0.699267
117 1626766750.372986 -22.070428 -2.696126 2.183467 -0.065581 -0.020889 -0.676542 0.733181
118 1626766750.773760 -22.049238 -2.998049 2.198518 -0.063900 -0.001566 -0.631885 0.772422
119 1626766751.171902 -21.957080 -3.238405 2.209898 -0.068991 -0.008949 -0.576298 0.814273
120 1626766751.473389 -21.881670 -3.434114 2.184491 -0.057957 -0.003993 -0.505966 0.860595
121 1626766751.872949 -21.719636 -3.649864 2.190207 -0.065139 -0.007234 -0.404161 0.912337
122 1626766752.174695 -21.534175 -3.764941 2.176699 -0.061257 -0.017037 -0.323358 0.944138
123 1626766752.572001 -21.247344 -3.887016 2.167603 -0.037234 -0.014904 -0.198899 0.979199
124 1626766752.873215 -20.992846 -3.962968 2.140297 -0.037812 -0.006348 -0.102280 0.994016
125 1626766753.274450 -20.619193 -3.968987 2.089184 -0.028219 -0.015927 -0.024555 0.999173
126 1626766753.572610 -20.315920 -3.963237 2.093447 -0.013656 -0.015991 0.000706 0.999779
127 1626766753.881808 -20.016849 -3.949347 2.024725 -0.009758 -0.008941 0.021837 0.999674
128 1626766754.273337 -19.580992 -3.922300 1.985287 -0.004869 -0.011145 0.032550 0.999396
129 1626766754.672748 -19.162902 -3.850878 1.948618 -0.002637 -0.010779 0.015924 0.999812
130 1626766755.072197 -18.750972 -3.811777 1.875564 0.005445 -0.015443 0.027153 0.999497
131 1626766755.373445 -18.377706 -3.778585 1.870582 -0.001968 -0.011176 0.026669 0.999580
132 1626766755.772915 -17.955533 -3.737050 1.862582 -0.000270 -0.012929 -0.005538 0.999901
133 1626766755.872458 -17.851597 -3.740354 1.822158 0.007375 -0.013297 0.000367 0.999884
134 1626766756.273207 -17.396494 -3.721564 1.785224 -0.000407 -0.004173 0.013656 0.999898
135 1626766756.672817 -16.934594 -3.658472 1.702487 0.004060 -0.014728 -0.008423 0.999848
136 1626766756.772193 -16.803485 -3.650156 1.718118 -0.001528 -0.010264 -0.016318 0.999813
137 1626766756.871741 -16.715943 -3.670124 1.721282 0.006898 -0.001684 -0.013559 0.999883
138 1626766757.072106 -16.503825 -3.658219 1.681324 -0.000988 -0.003294 -0.004838 0.999982
139 1626766757.171979 -16.386443 -3.655732 1.679233 -0.004148 -0.013815 0.001500 0.999895
140 1626766757.472892 -16.038431 -3.650241 1.677843 -0.001718 -0.011104 0.012993 0.999852
141 1626766757.772799 -15.680653 -3.639520 1.624428 0.002589 -0.009509 -0.003946 0.999944
142 1626766757.873659 -15.567618 -3.636035 1.624968 -0.000806 -0.005849 -0.011432 0.999917
143 1626766757.974136 -15.477924 -3.624403 1.616614 0.003903 -0.002989 -0.012115 0.999915
144 1626766758.372627 -15.017439 -3.613071 1.539142 0.003902 -0.020846 -0.000481 0.999775
145 1626766758.472175 -14.910878 -3.612226 1.555855 -0.005057 -0.018560 0.003287 0.999810
146 1626766758.773499 -14.535980 -3.602418 1.492930 -0.002924 -0.015359 0.007407 0.999850
147 1626766758.972541 -14.296709 -3.586206 1.513057 0.001438 -0.006723 -0.006879 0.999953
148 1626766759.072024 -14.176212 -3.594332 1.459412 -0.001737 -0.004982 -0.006047 0.999968
149 1626766759.271102 -13.967912 -3.574012 1.427906 -0.013889 -0.008900 0.004682 0.999853
150 1626766759.572311 -13.582070 -3.570285 1.405297 -0.005479 -0.005946 0.027886 0.999578
151 1626766759.873734 -13.214474 -3.542027 1.375396 0.000970 -0.016799 0.016417 0.999724
152 1626766760.271842 -12.748846 -3.508913 1.331685 0.007885 -0.021798 0.028843 0.999315
153 1626766760.572994 -12.351116 -3.486937 1.285699 0.009529 -0.022764 0.038084 0.998970
154 1626766760.972420 -11.860368 -3.448850 1.271763 -0.005657 -0.003586 0.014374 0.999874
155 1626766761.372140 -11.382423 -3.459256 1.212185 -0.002975 -0.020133 0.030635 0.999323
156 1626766761.675135 -11.004860 -3.434828 1.141380 -0.006293 -0.011126 0.036665 0.999246
157 1626766762.072653 -10.555544 -3.404385 1.120546 -0.000665 -0.009778 0.032040 0.999439
158 1626766762.472006 -10.095256 -3.369935 1.064442 0.002301 -0.022183 0.061109 0.997882
159 1626766762.773345 -9.710672 -3.313106 1.025972 -0.003698 -0.021047 0.062894 0.997791
160 1626766763.172868 -9.248659 -3.256157 0.953229 0.006875 -0.010372 0.086245 0.996196
161 1626766763.572229 -8.790647 -3.211000 0.966409 0.003162 -0.011422 0.112279 0.993606
162 1626766763.873689 -8.496510 -3.112207 0.921225 0.015383 -0.026568 0.122059 0.992048
163 1626766764.272900 -8.059346 -3.007571 0.827786 0.015510 -0.025674 0.155480 0.987384
164 1626766764.672344 -7.587693 -2.876140 0.812092 0.008236 -0.017779 0.169787 0.985286
165 1626766765.071826 -7.154455 -2.683010 0.783794 0.006005 -0.015544 0.155115 0.987756
166 1626766765.473804 -6.743425 -2.512218 0.733818 0.005745 -0.017964 0.167193 0.985744
167 1626766765.873366 -6.318808 -2.291269 0.683407 0.002722 -0.018369 0.182552 0.983021
168 1626766766.173433 -5.988851 -2.136268 0.657341 0.011503 -0.017558 0.173130 0.984675
169 1626766766.572719 -5.586206 -1.946341 0.575287 0.014888 -0.013377 0.161172 0.986723
170 1626766766.973547 -5.129353 -1.704551 0.578149 0.006329 0.005929 0.128332 0.991693
171 1626766767.371758 -4.745494 -1.516076 0.527771 0.011363 0.000340 0.107650 0.994124
172 1626766767.673559 -4.432906 -1.385713 0.470142 0.022886 -0.007820 0.108336 0.993820
173 1626766768.073675 -4.044481 -1.206956 0.455552 0.014561 -0.010925 0.083645 0.996329
174 1626766768.471775 -3.657110 -1.045258 0.370514 0.019453 0.003901 0.074386 0.997032
175 1626766768.773073 -3.318759 -0.915922 0.370492 0.013190 0.001069 0.083482 0.996421
176 1626766769.172601 -2.937237 -0.757510 0.319876 0.007115 0.000674 0.067898 0.997667
177 1626766769.571960 -2.548232 -0.629180 0.269883 0.007345 0.006366 0.061698 0.998048
178 1626766769.872086 -2.255706 -0.534419 0.255279 0.005020 0.002585 0.070018 0.997530
179 1626766770.173137 -1.954461 -0.448656 0.205936 0.003844 0.001700 0.063844 0.997951
180 1626766770.575931 -1.573951 -0.376360 0.172942 0.004624 0.005167 0.055269 0.998447
181 1626766770.972048 -1.226237 -0.337263 0.155524 0.004911 0.007742 0.063108 0.997965
182 1626766771.273278 -0.994448 -0.310288 0.136572 0.002864 0.005519 0.049177 0.998771
183 1626766771.671419 -0.725494 -0.267181 0.100735 0.003194 0.008049 0.043070 0.999035
184 1626766771.972679 -0.523839 -0.234082 0.073132 -0.004073 0.018978 0.054387 0.998331
185 1626766772.373430 -0.308614 -0.191815 0.027527 -0.007958 0.022508 0.034047 0.999135
186 1626766772.771817 -0.167593 -0.175284 0.042498 -0.002972 -0.011697 0.025952 0.999590
187 1626766773.073284 0.007394 -0.155239 0.042410 0.002473 -0.005380 0.036971 0.999299
188 1626766773.373940 0.069056 -0.140131 0.004092 -0.013214 -0.007615 0.047211 0.998768
189 1626766773.773544 0.155052 -0.130006 0.014584 -0.006451 -0.007468 0.053691 0.998509
190 1626766774.171635 0.177169 -0.103490 0.020873 -0.010679 -0.002048 0.080246 0.996716
191 1626766774.472916 0.208163 -0.080718 0.012466 -0.010967 0.003926 0.110177 0.993844
192 1626766774.873717 0.240522 -0.063313 -0.018626 -0.005070 0.026694 0.141312 0.989592
193 1626766775.271813 0.246232 -0.066119 -0.000966 -0.002662 0.029983 0.169064 0.985145
194 1626766775.573044 0.255264 -0.062746 -0.031165 0.001762 0.032300 0.166905 0.985442
195 1626766776.072520 0.257614 -0.067267 -0.029998 -0.001702 0.033207 0.153781 0.987545
196 1626766776.373798 0.237087 -0.074554 -0.019761 -0.004842 0.027682 0.145593 0.988945
197 1626766776.772715 0.201126 -0.085600 -0.042128 -0.002503 0.020557 0.125669 0.991856
198 1626766777.172157 0.223978 -0.066106 -0.038730 -0.004386 0.024747 0.112169 0.993371
199 1626766777.572989 0.208445 -0.061905 -0.021252 -0.012019 0.018222 0.085760 0.996077
200 1626766777.972458 0.194458 -0.060035 -0.010646 -0.017089 0.011757 0.066656 0.997560
201 1626766778.371876 0.181960 -0.070254 -0.012526 -0.017131 0.007892 0.057521 0.998166
202 1626766778.772708 0.180692 -0.078355 -0.008127 -0.016864 0.007405 0.055001 0.998316
203 1626766779.172076 0.181883 -0.073318 -0.006785 -0.016897 0.007754 0.058262 0.998128
204 1626766779.573797 0.163731 -0.072006 -0.019107 -0.017518 0.002376 0.063822 0.997805
