0 1628667017.786921 -0.000297 -0.003034 -0.002432 -0.000041 0.000042 -0.000057 1.000000
1 1628667017.887795 -0.000153 -0.005359 0.001112 0.000021 -0.000067 -0.000033 1.000000
2 1628667018.190383 0.000829 -0.008532 0.001465 0.000028 -0.000166 -0.000206 1.000000
3 1628667018.492985 0.000973 -0.012813 0.004617 0.000079 -0.000215 -0.000250 1.000000
4 1628667018.795561 0.001302 -0.016272 0.005633 0.000090 -0.000294 -0.000234 1.000000
5 1628667019.098145 0.000820 -0.018483 0.006142 0.000098 -0.000308 -0.000297 1.000000
6 1628667019.400677 0.000591 -0.021071 0.007232 0.000111 -0.000333 -0.000301 1.000000
7 1628667019.703300 0.001553 -0.026596 0.007125 0.000099 -0.000396 -0.000411 1.000000
8 1628667020.005880 0.002209 -0.027264 0.010191 0.000155 -0.000466 -0.000404 1.000000
9 1628667020.308412 0.001472 -0.026239 0.012844 0.000195 -0.000491 -0.000382 1.000000
10 1628667020.611014 0.000943 -0.028574 0.013387 0.000209 -0.000443 -0.000356 1.000000
11 1628667020.913587 0.002014 -0.029480 0.012972 0.000199 -0.000454 -0.000336 1.000000
12 1628667021.216158 0.001611 -0.027534 0.016231 0.000252 -0.000488 -0.000356 1.000000
13 1628667021.518719 0.003310 -0.028579 0.016077 0.000247 -0.000481 -0.000414 1.000000
14 1628667021.821293 0.002674 -0.028026 0.017228 0.000256 -0.000471 -0.000430 1.000000
15 1628667022.124014 0.001476 -0.029462 0.018089 0.000274 -0.000541 -0.000405 1.000000
16 1628667022.426493 0.000759 -0.029968 0.019303 0.000298 -0.000586 -0.000400 1.000000
17 1628667022.729121 0.002204 -0.031398 0.020494 0.000319 -0.000562 -0.000389 1.000000
18 1628667023.132456 0.001434 -0.031199 0.021096 0.000320 -0.000583 -0.000324 1.000000
19 1628667023.436817 0.004054 -0.032379 0.021076 0.000313 -0.000608 -0.000472 1.000000
20 1628667023.737682 0.003628 -0.033648 0.022585 0.000342 -0.000589 -0.000447 1.000000
21 1628667024.040209 0.003535 -0.032966 0.024890 0.000372 -0.000651 -0.000479 1.000000
22 1628667024.443676 0.003444 -0.031901 0.026321 0.000388 -0.000700 -0.000535 1.000000
23 1628667024.746190 0.004715 -0.032284 0.026303 0.000400 -0.000731 -0.000524 1.000000
24 1628667025.048851 0.004368 -0.033246 0.026277 0.000395 -0.000672 -0.000468 1.000000
25 1628667025.351389 0.003213 -0.032856 0.025580 0.000365 -0.000642 -0.000487 1.000000
26 1628667025.654010 0.004187 -0.035299 0.027891 0.000407 -0.000715 -0.000489 1.000000
27 1628667025.956531 0.003833 -0.035898 0.027996 0.000412 -0.000692 -0.000476 1.000000
28 1628667026.259097 0.002725 -0.035869 0.029039 0.000431 -0.000726 -0.000440 1.000000
29 1628667026.561710 0.002559 -0.036168 0.028178 0.000420 -0.000714 -0.000456 1.000000
30 1628667026.864310 0.002851 -0.036409 0.028248 0.000421 -0.000657 -0.000448 1.000000
31 1628667027.167072 0.003224 -0.036325 0.028444 0.000414 -0.000676 -0.000482 1.000000
32 1628667027.570283 0.003744 -0.037624 0.029033 0.000419 -0.000745 -0.000504 1.000000
33 1628667027.872950 0.002929 -0.037806 0.029390 0.000431 -0.000736 -0.000481 1.000000
34 1628667028.175420 0.001956 -0.036228 0.031753 0.000468 -0.000792 -0.000463 0.999999
35 1628667028.578923 0.002459 -0.038197 0.031035 0.000468 -0.000756 -0.000475 0.999999
36 1628667028.882065 0.001647 -0.038486 0.032737 0.000513 -0.000878 -0.000450 0.999999
37 1628667029.184120 0.001770 -0.037901 0.030777 0.000468 -0.000811 -0.000407 0.999999
38 1628667029.486687 0.001722 -0.039933 0.031069 0.000482 -0.000825 -0.000383 0.999999
39 1628667029.789226 0.001965 -0.040847 0.030048 0.000456 -0.000817 -0.000471 0.999999
40 1628667030.091875 0.001592 -0.041265 0.030827 0.000467 -0.000768 -0.000399 1.000000
41 1628667030.495229 0.000443 -0.041257 0.031351 0.000491 -0.000815 -0.000393 0.999999
42 1628667030.898798 0.001275 -0.040652 0.032842 0.000526 -0.000902 -0.000429 0.999999
43 1628667031.302070 -0.000327 -0.039889 0.031005 0.000480 -0.000828 -0.000363 0.999999
44 1628667031.604724 0.001085 -0.041477 0.031789 0.000493 -0.000850 -0.000415 0.999999
45 1628667031.907270 0.000672 -0.040316 0.032964 0.000515 -0.000892 -0.000368 0.999999
46 1628667032.209867 0.000132 -0.041405 0.031847 0.000508 -0.000863 -0.000332 0.999999
47 1628667032.512331 -0.000261 -0.042141 0.032423 0.000522 -0.000889 -0.000344 0.999999
48 1628667032.915841 0.000376 -0.042194 0.032808 0.000527 -0.000863 -0.000344 0.999999
49 1628667033.218344 0.000348 -0.041668 0.032047 0.000518 -0.000910 -0.000407 0.999999
50 1628667033.521059 -0.000527 -0.044083 0.032488 0.000518 -0.000856 -0.000338 0.999999
51 1628667033.823802 -0.000646 -0.043982 0.033439 0.000533 -0.000895 -0.000353 0.999999
52 1628667034.227053 -0.000474 -0.043223 0.032330 0.000515 -0.000865 -0.000313 0.999999
53 1628667034.529529 -0.000231 -0.043443 0.033748 0.000549 -0.000917 -0.000314 0.999999
54 1628667034.832325 0.000515 -0.044942 0.032174 0.000509 -0.000898 -0.000341 0.999999
55 1628667035.134717 0.000201 -0.045888 0.033915 0.000543 -0.000929 -0.000318 0.999999
56 1628667035.437368 0.000910 -0.043572 0.033727 0.000542 -0.000933 -0.000325 0.999999
57 1628667035.739817 0.001116 -0.044398 0.032868 0.000528 -0.000891 -0.000306 0.999999
58 1628667036.143394 0.001151 -0.042721 0.033550 0.000550 -0.000957 -0.000363 0.999999
59 1628667036.445877 0.001046 -0.044481 0.034666 0.000575 -0.000959 -0.000313 0.999999
60 1628667036.748529 0.002151 -0.044718 0.035884 0.000602 -0.001019 -0.000333 0.999999
61 1628667037.051405 0.002980 -0.044038 0.033747 0.000555 -0.000965 -0.000366 0.999999
62 1628667037.454800 0.002644 -0.045239 0.034210 0.000563 -0.000949 -0.000308 0.999999
63 1628667037.757224 0.002051 -0.043492 0.035295 0.000587 -0.000994 -0.000330 0.999999
64 1628667038.059770 0.000958 -0.043389 0.036656 0.000609 -0.000981 -0.000246 0.999999
65 1628667038.362251 0.001855 -0.046562 0.035847 0.000595 -0.000960 -0.000341 0.999999
66 1628667038.664860 0.002282 -0.045317 0.035310 0.000587 -0.001003 -0.000314 0.999999
67 1628667038.967452 0.001340 -0.046258 0.034966 0.000578 -0.000976 -0.000296 0.999999
68 1628667039.370817 0.002812 -0.046807 0.036512 0.000599 -0.001035 -0.000376 0.999999
69 1628667039.673429 0.001881 -0.047474 0.036642 0.000612 -0.001071 -0.000331 0.999999
70 1628667040.076972 0.001382 -0.045674 0.035930 0.000601 -0.001000 -0.000307 0.999999
71 1628667040.379484 0.001628 -0.046628 0.036197 0.000608 -0.000988 -0.000284 0.999999
72 1628667040.682048 0.002193 -0.045868 0.036707 0.000617 -0.001035 -0.000321 0.999999
73 1628667040.984690 0.001630 -0.046127 0.036173 0.000603 -0.001022 -0.000300 0.999999
74 1628667041.287182 0.002879 -0.045723 0.034918 0.000578 -0.000997 -0.000323 0.999999
75 1628667041.589790 0.001260 -0.046944 0.035770 0.000587 -0.001021 -0.000341 0.999999
76 1628667041.892360 0.003769 -0.045017 0.037534 0.000619 -0.001069 -0.000388 0.999999
77 1628667042.194942 0.013207 -0.046713 0.040420 0.000674 -0.001172 -0.000379 0.999999
78 1628667042.497490 0.040596 -0.046997 0.040236 0.000651 -0.001100 -0.000715 0.999999
79 1628667042.800418 0.067334 -0.049189 0.042369 0.000689 -0.001226 -0.000932 0.999999
80 1628667043.102588 0.082967 -0.048304 0.041052 0.000658 -0.001171 -0.001208 0.999998
81 1628667043.506001 0.082454 -0.050186 0.041786 0.000678 -0.001244 -0.001163 0.999998
82 1628667043.808782 0.077355 -0.049753 0.041779 0.000659 -0.001257 -0.001106 0.999998
83 1628667044.111296 0.080792 -0.050915 0.041514 0.000666 -0.001238 -0.001237 0.999998
84 1628667044.413741 0.107865 -0.057927 0.043290 0.000690 -0.001443 -0.002099 0.999997
85 1628667044.716330 0.183635 -0.067627 0.046473 0.000719 -0.001694 -0.005978 0.999980
86 1628667045.018934 0.326798 -0.080613 0.052366 0.000780 -0.001985 -0.016482 0.999862
87 1628667045.321558 0.520859 -0.111630 0.053265 0.000781 -0.001942 -0.033936 0.999422
88 1628667045.624191 0.717739 -0.149279 0.052390 0.000797 -0.002261 -0.053526 0.998564
89 1628667045.926684 0.893611 -0.192973 0.052003 0.000923 -0.002589 -0.073051 0.997324
90 1628667046.331772 1.089562 -0.246927 0.046542 0.000837 -0.003068 -0.097321 0.995248
91 1628667046.733458 1.244665 -0.309374 0.038161 0.000680 -0.003022 -0.120674 0.992687
92 1628667047.036163 1.359013 -0.351046 0.048575 0.000831 -0.003283 -0.140001 0.990146
93 1628667047.439582 1.524709 -0.440945 0.069315 0.001094 -0.003761 -0.171596 0.985160
94 1628667047.742146 1.685714 -0.546109 0.084327 0.001397 -0.003732 -0.207686 0.978188
95 1628667048.145758 1.972219 -0.758113 0.105067 0.001758 -0.003330 -0.276434 0.961026
96 1628667048.548952 2.304513 -1.077397 0.117367 0.002063 -0.003176 -0.359670 0.933072
97 1628667048.851610 2.557301 -1.371016 0.147527 0.002542 -0.003330 -0.423382 0.905942
98 1628667049.255009 2.786466 -1.775676 0.170303 0.003063 -0.003315 -0.493353 0.869817
99 1628667049.658518 2.949536 -2.198101 0.173456 0.003165 -0.003161 -0.544033 0.839052
100 1628667050.061933 3.065642 -2.570316 0.183990 0.003310 -0.003220 -0.575012 0.818132
101 1628667050.364562 3.123979 -2.809543 0.194681 0.003435 -0.003452 -0.588888 0.808200
102 1628667050.667275 3.174168 -3.024496 0.185665 0.003369 -0.003305 -0.596221 0.802807
103 1628667050.969626 3.233451 -3.226355 0.179148 0.003190 -0.003114 -0.598515 0.801099
104 1628667051.272461 3.282038 -3.434516 0.154290 0.002741 -0.002928 -0.599107 0.800659
105 1628667051.675545 3.382881 -3.738101 0.172148 0.002847 -0.002836 -0.601147 0.799129
106 1628667052.179975 3.505423 -4.225168 0.147309 0.002451 -0.002276 -0.611717 0.791070
107 1628667052.381669 3.546803 -4.451201 0.119960 0.002192 -0.001646 -0.618125 0.786075
108 1628667052.684214 3.605014 -4.780333 0.104480 0.001874 -0.001465 -0.627464 0.778642
109 1628667053.188839 3.678725 -5.320608 0.089823 0.001724 -0.001525 -0.637996 0.770036
110 1628667053.592104 3.739918 -5.722186 0.082553 0.001623 -0.001805 -0.639916 0.768441
111 1628667053.894501 3.789155 -6.012366 0.078437 0.001580 -0.001787 -0.640525 0.767934
112 1628667054.298090 3.848793 -6.395768 0.072965 0.001382 -0.002032 -0.641715 0.766939
113 1628667054.600592 3.896964 -6.697940 0.070409 0.001192 -0.002275 -0.642572 0.766221
114 1628667055.105133 3.973658 -7.240417 0.058359 0.000647 -0.002552 -0.648938 0.760836
115 1628667055.609206 4.038433 -7.826160 0.044606 0.000065 -0.003001 -0.659554 0.751652
116 1628667055.911809 4.061278 -8.182329 0.027247 0.000137 -0.002815 -0.665810 0.746116
117 1628667056.214267 4.092461 -8.522684 0.026305 -0.000003 -0.002510 -0.672958 0.739677
118 1628667056.718658 4.108038 -9.071288 0.023989 0.000034 -0.002471 -0.684204 0.729287
119 1628667057.021187 4.114167 -9.392452 0.014431 -0.000048 -0.002006 -0.691241 0.722621
120 1628667057.525650 4.118033 -9.911165 0.018729 -0.000650 -0.001295 -0.702209 0.711970
121 1628667057.928959 4.094147 -10.334709 0.005107 -0.001083 -0.001587 -0.711372 0.702813
122 1628667058.433223 4.049675 -10.889765 -0.012884 -0.001657 -0.001295 -0.725086 0.688655
123 1628667058.736018 4.005650 -11.267826 -0.020712 -0.001837 -0.000938 -0.735291 0.677748
124 1628667059.340953 3.882279 -12.067126 -0.029000 -0.001720 -0.000256 -0.758075 0.652165
125 1628667059.643862 3.796850 -12.446397 -0.044415 -0.002053 -0.000166 -0.770001 0.638039
126 1628667059.946224 3.713150 -12.816297 -0.054538 -0.002446 0.000602 -0.781538 0.623852
127 1628667060.248898 3.613005 -13.167579 -0.064200 -0.002426 0.001443 -0.792659 0.609659
128 1628667060.652164 3.465795 -13.603105 -0.070739 -0.002540 0.002024 -0.807441 0.589940
129 1628667060.954738 3.344713 -13.915577 -0.075036 -0.002558 0.002598 -0.818861 0.573980
130 1628667061.257262 3.223612 -14.218936 -0.081692 -0.003143 0.002725 -0.831301 0.555807
131 1628667061.660614 3.021011 -14.634582 -0.089735 -0.003812 0.003805 -0.847696 0.530455
132 1628667062.064141 2.754320 -15.067366 -0.103602 -0.004419 0.003630 -0.865015 0.501713
133 1628667062.366653 2.522949 -15.408553 -0.106065 0.005415 -0.003762 0.878756 -0.477225
134 1628667062.871133 2.078682 -15.954357 -0.118746 0.006917 -0.004526 0.900200 -0.435398
135 1628667063.274779 1.681228 -16.345819 -0.125311 0.006752 -0.003896 0.915155 -0.403026
136 1628667063.677888 1.275586 -16.713187 -0.129964 0.007240 -0.004478 0.928930 -0.370158
137 1628667063.980471 0.960443 -16.958621 -0.129195 0.008474 -0.003980 0.938361 -0.345530
138 1628667064.484748 0.387570 -17.346870 -0.134709 0.008464 -0.004698 0.953278 -0.301940
139 1628667064.787319 0.042384 -17.567673 -0.140192 0.010352 -0.005710 0.961358 -0.275048
140 1628667065.291612 -0.599326 -17.882938 -0.140575 0.010305 -0.006109 0.973193 -0.229678
141 1628667065.695106 -1.156341 -18.078617 -0.147485 0.010579 -0.005431 0.981502 -0.191081
142 1628667066.098433 -1.728233 -18.251481 -0.140661 0.010829 -0.006650 0.988318 -0.151876
143 1628667066.503293 -2.308458 -18.360428 -0.139629 0.009527 -0.006357 0.993400 -0.114131
144 1628667067.107117 -3.145487 -18.456232 -0.137852 0.010385 -0.007905 0.998428 -0.054500
145 1628667067.510560 -3.683001 -18.443284 -0.141032 0.010178 -0.007873 0.999823 -0.013703
146 1628667067.914198 -4.206159 -18.393395 -0.134804 0.011353 -0.008732 0.999522 0.027388
147 1628667068.317426 -4.706625 -18.304620 -0.133735 0.012215 -0.009329 0.997500 0.068975
148 1628667068.619962 -5.066384 -18.208608 -0.126109 0.013721 -0.010208 0.994871 0.099691
149 1628667069.023380 -5.557115 -18.047525 -0.126991 0.014608 -0.011132 0.989944 0.140264
150 1628667069.426934 -6.038449 -17.834712 -0.125005 0.015891 -0.010734 0.983857 0.177924
151 1628667069.830308 -6.520995 -17.594694 -0.118500 0.015655 -0.012018 0.975953 0.217087
152 1628667070.234063 -6.989792 -17.321824 -0.112240 0.015785 -0.013046 0.966369 0.256343
153 1628667070.536192 -7.314320 -17.081290 -0.110322 0.016607 -0.013104 0.957898 0.286329
154 1628667070.838855 -7.640117 -16.826278 -0.100169 0.016398 -0.014405 0.948176 0.316996
155 1628667071.242285 -8.045751 -16.443429 -0.089713 0.015425 -0.013848 0.933918 0.356885
156 1628667071.645810 -8.415339 -16.026698 -0.079826 0.015307 -0.013078 0.918067 0.395914
157 1628667072.049249 -8.752556 -15.594513 -0.063191 0.015168 -0.012581 0.901264 0.432823
158 1628667072.351942 -8.980446 -15.268828 -0.053090 0.014970 -0.012405 0.891756 0.452099
159 1628667072.856097 -9.319816 -14.733687 -0.039520 0.015431 -0.011666 0.878367 0.477595
160 1628667073.158625 -9.497643 -14.414377 -0.038585 0.016318 -0.011361 0.873968 0.485577
161 1628667073.562157 -9.733649 -14.001368 -0.036542 0.016692 -0.011315 0.870462 0.491822
162 1628667073.965560 -9.967467 -13.590084 -0.027752 0.015987 -0.012379 0.866487 0.498791
163 1628667074.368940 -10.202764 -13.156134 -0.013201 0.015989 -0.012577 0.860379 0.509249
164 1628667074.675434 -10.377851 -12.806167 0.006499 0.015979 -0.011919 0.854797 0.518579
165 1628667075.276676 -10.719691 -12.069199 0.012876 0.014481 -0.012275 0.842302 0.538672
166 1628667075.579260 -10.864527 -11.689504 0.033721 0.014625 -0.011054 0.836075 0.548309
167 1628667075.982844 -11.043633 -11.216430 0.036717 0.014752 -0.011519 0.827003 0.561886
168 1628667076.386204 -11.200430 -10.753225 0.035173 0.014377 -0.012017 0.818435 0.574293
169 1628667076.789546 -11.338718 -10.307161 0.036575 0.015393 -0.012770 0.809829 0.586325
170 1628667077.092326 -11.436167 -9.945919 0.035959 0.014907 -0.012983 0.802688 0.596072
171 1628667077.495559 -11.562165 -9.420864 0.043838 0.016700 -0.013958 0.792443 0.609557
172 1628667077.899047 -11.687127 -8.813003 0.058564 0.016805 -0.014370 0.780122 0.625236
173 1628667078.302426 -11.777616 -8.203411 0.079622 0.016997 -0.013611 0.767261 0.640965
174 1628667078.705749 -11.834592 -7.624059 0.098456 0.016140 -0.012216 0.751723 0.659168
175 1628667079.008426 -11.860108 -7.215955 0.109183 0.015679 -0.011359 0.741066 0.671153
176 1628667079.412605 -11.877468 -6.724283 0.123044 0.014621 -0.011275 0.726379 0.687047
177 1628667079.714480 -11.868114 -6.390723 0.120813 0.014556 -0.010446 0.716668 0.697184
178 1628667080.117847 -11.843539 -5.982274 0.126198 0.014296 -0.010404 0.703325 0.710648
179 1628667080.420520 -11.821584 -5.697022 0.136188 0.014618 -0.010709 0.693350 0.720373
180 1628667080.823966 -11.769164 -5.327883 0.147567 0.014150 -0.010288 0.677232 0.735561
181 1628667081.227365 -11.695304 -4.964742 0.150808 0.014092 -0.010624 0.657552 0.753203
182 1628667081.630822 -11.614852 -4.625310 0.147035 0.014550 -0.011327 0.637470 0.770254
183 1628667082.034125 -11.527754 -4.314761 0.150147 0.015043 -0.012023 0.618079 0.785880
184 1628667082.538497 -11.413186 -3.972616 0.156116 0.015189 -0.011813 0.594280 0.804028
185 1628667082.841135 -11.346954 -3.792237 0.161886 0.015064 -0.012193 0.581348 0.813424
186 1628667083.244526 -11.253263 -3.570351 0.165902 0.014826 -0.012170 0.565379 0.824608
187 1628667083.647967 -11.148669 -3.357125 0.172604 0.015041 -0.012002 0.549321 0.835390
188 1628667083.950541 -11.046023 -3.178442 0.174492 0.015623 -0.012251 0.534684 0.844819
189 1628667084.354172 -10.902306 -2.895893 0.181321 0.015048 -0.011539 0.509537 0.860240
190 1628667084.757419 -10.734194 -2.643619 0.189430 0.015105 -0.011255 0.485590 0.873984
191 1628667085.160836 -10.559570 -2.427528 0.193288 0.015287 -0.010953 0.462930 0.886195
192 1628667085.665145 -10.366194 -2.204246 0.201814 0.014834 -0.011112 0.436441 0.899542
193 1628667086.068521 -10.235334 -2.076746 0.206559 0.014913 -0.010858 0.417758 0.908371
194 1628667086.371047 -10.161606 -2.010471 0.213378 0.014775 -0.010952 0.405590 0.913870
195 1628667086.774665 -10.086649 -1.951210 0.216809 0.014876 -0.011097 0.392053 0.919755
196 1628667087.177952 -10.014271 -1.897679 0.220228 0.014812 -0.011293 0.377287 0.925909
197 1628667087.581446 -9.924099 -1.829495 0.219598 0.014702 -0.011564 0.355742 0.934397
198 1628667087.984924 -9.770177 -1.739829 0.222167 0.014182 -0.010844 0.322678 0.946340
199 1628667088.388312 -9.630555 -1.670369 0.226850 0.014099 -0.010381 0.291581 0.956386
200 1628667088.791859 -9.527275 -1.638698 0.230158 0.013808 -0.010574 0.265665 0.963908
201 1628667089.296139 -9.448413 -1.621506 0.231538 0.013623 -0.010089 0.245046 0.969363
202 1628667089.599406 -9.428574 -1.621103 0.233743 0.013660 -0.010264 0.239851 0.970659
203 1628667090.102823 -9.428718 -1.623023 0.235046 0.013713 -0.010371 0.239099 0.970843
204 1628667090.607265 -9.437034 -1.622067 0.234206 0.013682 -0.010626 0.241232 0.970313
205 1628667090.909780 -9.430205 -1.621711 0.235715 0.013472 -0.010513 0.240363 0.970533
206 1628667091.212432 -9.400621 -1.622647 0.237193 0.013638 -0.010743 0.235150 0.971804
207 1628667091.615920 -9.295934 -1.613357 0.242436 0.013631 -0.010991 0.213996 0.976678
208 1628667092.019330 -9.081596 -1.604752 0.234594 0.012805 -0.011319 0.163036 0.986472
209 1628667092.321866 -8.880188 -1.597480 0.227851 0.012150 -0.011025 0.104236 0.994417
210 1628667092.826069 -8.547511 -1.638739 0.209038 0.008585 -0.008489 0.002385 0.999924
211 1628667093.229626 -8.320787 -1.703584 0.209486 0.008086 -0.007805 -0.069034 0.997551
212 1628667093.834769 -8.092381 -1.822456 0.207683 0.007109 -0.007569 -0.158052 0.987376
213 1628667094.238153 -7.955506 -1.932230 0.206925 0.006355 -0.007206 -0.214940 0.976580
214 1628667094.641563 -7.796150 -2.085243 0.198298 0.004937 -0.006931 -0.286265 0.958113
215 1628667094.944190 -7.649815 -2.266553 0.193962 0.003886 -0.006643 -0.353617 0.935359
216 1628667095.246794 -7.487050 -2.520873 0.183803 0.002558 -0.004899 -0.432178 0.901772
217 1628667095.750956 -7.286784 -2.993563 0.169748 0.000931 -0.003070 -0.553996 0.832513
218 1628667096.154492 -7.206578 -3.367998 0.167610 -0.000585 -0.001427 -0.630838 0.775913
219 1628667096.659132 -7.222616 -3.812332 0.158303 -0.002117 -0.000674 -0.695025 0.718983
220 1628667097.062415 -7.250746 -4.114182 0.152182 -0.003746 0.000405 -0.725337 0.688384
221 1628667097.465642 -7.296504 -4.406725 0.146274 -0.003778 0.000810 -0.745058 0.666988
222 1628667097.970484 -7.378869 -4.816985 0.138600 -0.003817 0.000892 -0.758553 0.651599
223 1628667098.373343 -7.447713 -5.184262 0.132923 -0.004541 0.000754 -0.761756 0.647848
224 1628667098.776761 -7.513075 -5.606388 0.126665 -0.005585 0.001998 -0.760716 0.649058
225 1628667099.381948 -7.629490 -6.304083 0.114162 -0.005820 0.002429 -0.756237 0.654268
226 1628667099.787340 -7.707103 -6.811528 0.104120 -0.005406 0.002392 -0.752087 0.659038
227 1628667100.188857 -7.777495 -7.381717 0.091316 -0.004638 0.002445 -0.745141 0.666886
228 1628667100.592244 -7.837765 -7.974694 0.082733 -0.005168 0.001630 -0.737051 0.675815
229 1628667101.096562 -7.894817 -8.733188 0.069735 -0.006297 -0.001330 -0.725764 0.687914
230 1628667101.501386 -7.917922 -9.350255 0.065469 -0.004735 -0.000982 -0.716816 0.697245
231 1628667102.004386 -7.929079 -10.104958 0.056919 -0.002715 0.000114 -0.705720 0.708485
232 1628667102.407919 -7.912452 -10.683793 0.048836 -0.001575 0.001157 -0.696973 0.717095
233 1628667102.912344 -7.878473 -11.354922 0.032721 -0.001236 0.000877 -0.685632 0.727946
234 1628667103.214487 -7.846908 -11.731760 0.017765 -0.000685 0.001486 -0.678820 0.734303
235 1628667103.517126 -7.810213 -12.079132 0.009768 -0.001335 0.000646 -0.672250 0.740323
236 1628667103.819731 -7.774544 -12.418126 0.012380 -0.000648 0.001231 -0.665520 0.746379
237 1628667104.223190 -7.715587 -12.829535 0.005383 -0.000193 0.000592 -0.654791 0.755810
238 1628667104.626908 -7.638909 -13.230231 -0.007871 -0.001118 0.000526 -0.642840 0.766000
239 1628667105.031485 -7.548036 -13.621800 -0.015942 -0.001784 -0.001452 -0.628425 0.777866
240 1628667105.434716 -7.415148 -14.090561 -0.028057 -0.000911 -0.002970 -0.608566 0.793497
241 1628667105.836842 -7.225502 -14.631291 -0.038237 -0.000043 -0.002336 -0.578834 0.815442
242 1628667106.341412 -6.917160 -15.299402 -0.051019 0.002311 -0.000434 -0.535993 0.844219
243 1628667106.744626 -6.625935 -15.775531 -0.064493 0.004528 -0.000400 -0.491631 0.870792
244 1628667107.148010 -6.299712 -16.167680 -0.072657 0.003517 -0.001284 -0.440746 0.897624
245 1628667107.450634 -6.049802 -16.435414 -0.077301 0.004998 -0.002538 -0.401740 0.915737
246 1628667107.753221 -5.779487 -16.666900 -0.080768 0.004964 -0.004494 -0.362471 0.931971
247 1628667108.257551 -5.256189 -17.029656 -0.092199 0.005732 -0.005544 -0.295055 0.955447
248 1628667108.660956 -4.768565 -17.291611 -0.098029 0.005493 -0.007129 -0.243826 0.969777
249 1628667109.165233 -4.067989 -17.577547 -0.113387 0.006374 -0.008249 -0.179910 0.983628
250 1628667109.568696 -3.487528 -17.734689 -0.119928 0.005143 -0.008327 -0.132408 0.991147
251 1628667110.073037 -2.744355 -17.886042 -0.121230 0.004920 -0.008960 -0.093429 0.995573
252 1628667110.476562 -2.143693 -17.980371 -0.120342 0.006429 -0.007778 -0.064351 0.997876
253 1628667110.983354 -1.409038 -18.029748 -0.127104 0.006266 -0.007897 -0.025252 0.999630
254 1628667111.484952 -0.678684 -18.018386 -0.137426 0.009188 -0.008559 0.023400 0.999647
255 1628667111.989264 0.042222 -17.898980 -0.133589 0.009503 -0.009392 0.083036 0.996457
256 1628667112.392695 0.602529 -17.746014 -0.131053 0.009357 -0.010307 0.132203 0.991125
257 1628667112.796218 1.155670 -17.552034 -0.127023 0.012174 -0.010225 0.183430 0.982904
258 1628667113.300562 1.812093 -17.185067 -0.122959 0.009349 -0.011534 0.245214 0.969355
259 1628667113.804779 2.443060 -16.762349 -0.107179 0.011982 -0.011409 0.308743 0.951002
260 1628667114.208222 2.889923 -16.356130 -0.105993 0.012338 -0.011538 0.359303 0.933068
261 1628667114.611658 3.283213 -15.905766 -0.102150 0.013015 -0.012714 0.414473 0.909880
262 1628667115.015084 3.623567 -15.415365 -0.108058 0.015779 -0.012525 0.469907 0.882486
263 1628667115.519399 3.972542 -14.733097 -0.086169 0.017019 -0.013947 0.535895 0.843998
264 1628667116.023649 4.236904 -13.987410 -0.070053 0.016941 -0.013550 0.590680 0.806614
265 1628667116.326207 4.355159 -13.517940 -0.065710 0.016529 -0.014120 0.618767 0.785274
266 1628667116.931581 4.506059 -12.555666 -0.045963 0.015848 -0.013660 0.663872 0.747553
267 1628667117.335018 4.566189 -11.903138 -0.029475 0.014136 -0.013766 0.680888 0.732122
268 1628667117.839276 4.634546 -11.093411 -0.020366 0.014328 -0.012802 0.686395 0.726975
269 1628667118.243549 4.682709 -10.463851 -0.015376 0.015081 -0.012749 0.686795 0.726583
270 1628667118.646125 4.719947 -9.825842 -0.000288 0.013678 -0.012615 0.685028 0.728279
271 1628667119.049444 4.773330 -9.201820 0.010173 0.014564 -0.013421 0.683676 0.729517
272 1628667119.452920 4.818331 -8.554772 0.015152 0.013572 -0.014407 0.681385 0.731657
273 1628667119.957502 4.895032 -7.663057 0.032263 0.013156 -0.013146 0.678775 0.734111
274 1628667120.360537 4.963915 -6.937533 0.045977 0.014337 -0.014320 0.676182 0.736456
275 1628667120.663162 5.018631 -6.401160 0.051402 0.014555 -0.014697 0.674056 0.738390
276 1628667121.067858 5.103112 -5.713366 0.059919 0.015741 -0.014337 0.671161 0.741006
277 1628667121.470084 5.171522 -5.065200 0.052461 0.015170 -0.014885 0.672860 0.739464
278 1628667121.873507 5.229721 -4.474707 0.066451 0.014295 -0.013638 0.680919 0.732092
279 1628667122.176192 5.266857 -4.072584 0.094832 0.013981 -0.012785 0.688400 0.725084
280 1628667122.579708 5.285303 -3.553821 0.110270 0.013429 -0.012782 0.703141 0.710809
281 1628667122.882127 5.273315 -3.166966 0.108917 0.013275 -0.013608 0.718895 0.694859
282 1628667123.285562 5.223254 -2.660103 0.122010 0.013852 -0.013213 0.746090 0.665570
283 1628667123.688990 5.109248 -2.158539 0.138819 0.013888 -0.013658 0.780000 0.625476
284 1628667124.193188 4.887335 -1.618798 0.164654 0.014441 -0.014267 0.827559 0.561011
285 1628667124.697477 4.578040 -1.185099 0.183398 0.014154 -0.014273 0.880512 0.473597
286 1628667125.201928 4.233567 -0.881598 0.165664 0.015056 -0.013775 0.922308 0.385917
287 1628667125.504452 4.031750 -0.736900 0.175210 0.015132 -0.013531 0.938253 0.345354
288 1628667125.907841 3.767998 -0.585653 0.169441 0.015542 -0.013980 0.954385 0.297846
289 1628667126.315269 3.494482 -0.460150 0.167243 0.016617 -0.013971 0.967654 0.251347
290 1628667126.916503 2.963528 -0.275889 0.168826 0.014183 -0.012387 0.985093 0.170991
291 1628667127.420798 2.460755 -0.180143 0.169073 0.011248 -0.010733 0.995235 0.096263
292 1628667127.723388 2.160669 -0.176586 0.168472 0.010400 -0.012049 0.998286 0.056318
293 1628667128.126800 1.817357 -0.168184 0.168231 0.010574 -0.010356 0.999843 0.009763
294 1628667128.731844 1.362068 -0.207294 0.165658 0.011815 -0.008756 0.999188 -0.037510
295 1628667129.135290 1.123186 -0.229800 0.159396 0.012696 -0.008858 0.998505 -0.052431
296 1628667129.437926 0.977175 -0.246980 0.163756 0.012739 -0.009142 0.998353 -0.055192
297 1628667129.740496 0.863936 -0.256369 0.169082 0.012651 -0.009109 0.998268 -0.056724
298 1628667130.043215 0.781266 -0.270317 0.159551 0.013027 -0.009184 0.998256 -0.056835
299 1628667130.446535 0.720116 -0.275730 0.162403 0.012996 -0.009043 0.998204 -0.057781
300 1628667130.849950 0.697891 -0.276108 0.165887 0.013160 -0.009107 0.998193 -0.057914
301 1628667131.255393 0.696324 -0.277496 0.166302 0.013293 -0.009194 0.998198 -0.057785
302 1628667131.556026 0.697908 -0.277585 0.165706 0.013407 -0.009134 0.998190 -0.057906
303 1628667131.959455 0.700485 -0.278597 0.164184 0.013489 -0.009167 0.998190 -0.057889
304 1628667132.261991 0.700379 -0.278396 0.167386 0.013402 -0.009129 0.998188 -0.057951
305 1628667132.665420 0.699523 -0.276175 0.168284 0.013356 -0.009201 0.998188 -0.057949
306 1628667133.068789 0.699023 -0.274931 0.165843 0.013500 -0.009195 0.998186 -0.057951
307 1628667133.573681 0.699914 -0.275439 0.167001 0.013425 -0.009249 0.998184 -0.057989
