0 1636686102.049663 0.000000 0.000000 -0.000000 -0.000000 -0.000000 -0.707107 0.707107
1 1636686102.150534 -0.000860 -0.001639 0.001272 0.000014 -0.000017 -0.707170 0.707044
2 1636686102.251353 -0.002693 0.000892 -0.005454 -0.000137 -0.000080 -0.707116 0.707098
3 1636686102.352214 -0.003953 -0.001868 -0.001062 -0.000003 -0.000080 -0.707181 0.707032
4 1636686102.553921 -0.005164 -0.003311 -0.003213 -0.000116 -0.000093 -0.707193 0.707021
5 1636686102.654801 -0.004543 -0.004545 0.001946 0.000056 -0.000171 -0.707257 0.706957
6 1636686102.957353 -0.006925 -0.010692 0.001165 0.000056 -0.000206 -0.707262 0.706951
7 1636686103.259934 -0.007457 -0.013673 0.003607 0.000115 -0.000247 -0.707258 0.706956
8 1636686103.562497 -0.007079 -0.012818 0.007131 0.000226 -0.000272 -0.707340 0.706874
9 1636686103.865081 -0.008582 -0.013581 0.009094 0.000270 -0.000251 -0.707278 0.706935
10 1636686103.965907 -0.010266 -0.012988 0.004422 0.000130 -0.000211 -0.707281 0.706932
11 1636686104.268473 -0.012206 -0.015955 0.005025 0.000133 -0.000225 -0.707283 0.706930
12 1636686104.571043 -0.011641 -0.014862 0.006479 0.000186 -0.000236 -0.707217 0.706997
13 1636686104.671910 -0.012974 -0.015571 0.008410 0.000247 -0.000227 -0.707229 0.706985
14 1636686104.974447 -0.014669 -0.014824 0.008312 0.000232 -0.000223 -0.707179 0.707034
15 1636686105.277056 -0.015011 -0.013020 0.007103 0.000206 -0.000206 -0.707201 0.707013
16 1636686105.579611 -0.016649 -0.012319 0.004800 0.000152 -0.000241 -0.707128 0.707086
17 1636686105.882158 -0.018389 -0.013083 0.007647 0.000235 -0.000274 -0.707130 0.707083
18 1636686106.083906 -0.016771 -0.014443 0.010948 0.000318 -0.000270 -0.707185 0.707028
19 1636686106.184713 -0.017420 -0.011876 0.008623 0.000253 -0.000271 -0.707155 0.707059
20 1636686106.487292 -0.016665 -0.013288 0.007298 0.000223 -0.000256 -0.707193 0.707020
21 1636686106.789851 -0.018681 -0.013611 0.008988 0.000276 -0.000326 -0.707174 0.707039
22 1636686107.092427 -0.018093 -0.014352 0.008678 0.000271 -0.000320 -0.707167 0.707046
23 1636686107.395000 -0.021022 -0.011418 0.009913 0.000311 -0.000345 -0.707075 0.707138
24 1636686107.697556 -0.022251 -0.011055 0.005513 0.000224 -0.000318 -0.707108 0.707105
25 1636686108.000133 -0.020260 -0.009378 0.011171 0.000357 -0.000337 -0.707156 0.707057
26 1636686108.302729 -0.022861 -0.011373 0.013225 0.000414 -0.000348 -0.707156 0.707058
27 1636686108.605278 -0.035497 -0.012841 0.016271 0.000504 -0.000365 -0.707228 0.706985
28 1636686108.907816 -0.070081 -0.018085 0.019103 0.000569 -0.000363 -0.707693 0.706520
29 1636686109.210381 -0.138036 -0.026778 0.030595 0.000878 -0.000396 -0.708439 0.705771
30 1636686109.513877 -0.242606 -0.034687 0.033369 0.000912 -0.000376 -0.709197 0.705009
31 1636686109.815529 -0.365307 -0.040531 0.036444 0.000992 -0.000397 -0.709670 0.704533
32 1636686110.118111 -0.485056 -0.046880 0.041689 0.001158 -0.000357 -0.710580 0.703615
33 1636686110.420680 -0.588106 -0.051842 0.041163 0.001120 -0.000382 -0.711155 0.703034
34 1636686110.723246 -0.671486 -0.056277 0.043216 0.001184 -0.000452 -0.712123 0.702054
35 1636686111.025831 -0.740432 -0.061204 0.042084 0.001177 -0.000410 -0.712842 0.701324
36 1636686111.328381 -0.804241 -0.060621 0.047679 0.001315 -0.000406 -0.713605 0.700547
37 1636686111.630934 -0.859407 -0.066626 0.048240 0.001323 -0.000383 -0.714192 0.699948
38 1636686111.933539 -0.923967 -0.067553 0.053198 0.001418 -0.000375 -0.715209 0.698909
39 1636686112.236067 -1.017223 -0.071081 0.053205 0.001404 -0.000319 -0.717152 0.696916
40 1636686112.538631 -1.143197 -0.078216 0.057484 0.001523 -0.000381 -0.720316 0.693644
41 1636686112.841229 -1.288686 -0.093663 0.057024 0.001580 -0.000330 -0.725303 0.688428
42 1636686113.143815 -1.436584 -0.096894 0.056639 0.001568 -0.000395 -0.731168 0.682196
43 1636686113.446340 -1.577474 -0.092788 0.062967 0.001697 -0.000433 -0.738441 0.674315
44 1636686113.748893 -1.702878 -0.094412 0.057921 0.001554 -0.000460 -0.745350 0.666672
45 1636686114.051472 -1.816706 -0.101585 0.063731 0.001693 -0.000378 -0.752387 0.658719
46 1636686114.354018 -1.928985 -0.109848 0.051349 0.001418 -0.000263 -0.759569 0.650426
47 1636686114.656612 -2.057052 -0.107439 0.042608 0.001155 -0.000156 -0.767281 0.641310
48 1636686114.959203 -2.204635 -0.100019 0.039412 0.001070 -0.000074 -0.777262 0.629176
49 1636686115.261761 -2.376315 -0.079975 0.055930 0.001512 -0.000129 -0.789579 0.613647
50 1636686115.564298 -2.561894 -0.057924 0.062772 0.001569 -0.000003 -0.803234 0.595661
51 1636686115.866862 -2.745112 -0.030237 0.073497 0.001564 0.000396 -0.816616 0.577179
52 1636686116.169450 -2.921199 0.005605 0.075699 0.001418 0.000670 -0.828748 0.559620
53 1636686116.472011 -3.078038 0.043520 0.076830 0.001435 0.000786 -0.839706 0.543039
54 1636686116.572871 -3.127833 0.054592 0.071673 0.001271 0.000846 -0.843036 0.537855
55 1636686116.875409 -3.281104 0.094912 0.062033 0.001033 0.001048 -0.852376 0.522928
56 1636686117.177973 -3.431144 0.143342 0.073947 0.001244 0.001200 -0.861655 0.507492
57 1636686117.481074 -3.573834 0.195333 0.077116 -0.001354 -0.001226 0.871409 -0.490554
58 1636686117.783135 -3.705169 0.253151 0.076916 -0.001114 -0.001205 0.879661 -0.475599
59 1636686118.085725 -3.819365 0.314210 0.078954 -0.001094 -0.001204 0.887153 -0.461472
60 1636686118.388268 -3.918251 0.370458 0.083331 -0.001318 -0.001099 0.892884 -0.450283
61 1636686118.690811 -3.977041 0.409363 0.088864 -0.001571 -0.001089 0.896226 -0.443593
62 1636686118.993396 -3.997575 0.423803 0.087845 -0.001475 -0.001138 0.897081 -0.441862
63 1636686119.295950 -3.996364 0.425414 0.091162 -0.001489 -0.001256 0.897058 -0.441909
64 1636686119.598537 -3.997939 0.425639 0.087663 -0.001426 -0.001273 0.896961 -0.442105
65 1636686119.901124 -4.001390 0.425212 0.089491 -0.001371 -0.001280 0.896966 -0.442095
66 1636686120.203672 -4.001348 0.423102 0.089535 -0.001372 -0.001245 0.896871 -0.442288
67 1636686120.506249 -4.001201 0.424171 0.086206 -0.001235 -0.001229 0.896992 -0.442044
68 1636686120.808799 -4.001109 0.424200 0.089557 -0.001395 -0.001254 0.897068 -0.441888
69 1636686121.111375 -4.004209 0.425959 0.088822 -0.001358 -0.001256 0.897154 -0.441714
70 1636686121.414181 -4.000449 0.424194 0.087962 -0.001313 -0.001266 0.897258 -0.441504
71 1636686121.716499 -3.993635 0.418555 0.087796 -0.001260 -0.001365 0.897427 -0.441158
72 1636686122.019068 -3.991449 0.416319 0.087527 -0.001254 -0.001278 0.897424 -0.441165
73 1636686122.321614 -3.983402 0.410428 0.084845 -0.001178 -0.001345 0.897525 -0.440960
74 1636686122.624189 -3.955587 0.395588 0.090557 -0.001392 -0.001328 0.897703 -0.440598
75 1636686122.926785 -3.881663 0.344958 0.087032 -0.001298 -0.001282 0.899054 -0.437834
76 1636686123.229322 -3.737404 0.240297 0.090475 -0.001284 -0.001496 0.902276 -0.431155
77 1636686123.531884 -3.574775 0.099029 0.074184 -0.000786 -0.001725 0.907326 -0.420423
78 1636686123.834464 -3.415789 -0.037484 0.067225 -0.000593 -0.001799 0.913401 -0.407056
79 1636686124.137011 -3.273357 -0.157118 0.075589 -0.000764 -0.001894 0.920358 -0.391072
80 1636686124.439633 -3.152291 -0.266048 0.093372 -0.000963 -0.002167 0.927407 -0.374046
81 1636686124.742188 -3.042844 -0.378169 0.101033 -0.000957 -0.002169 0.934569 -0.355773
82 1636686125.045904 -2.937160 -0.495207 0.112704 -0.001020 -0.002125 0.942087 -0.335361
83 1636686125.347614 -2.822150 -0.635246 0.121877 -0.001172 -0.002235 0.951339 -0.308135
84 1636686125.649879 -2.684990 -0.821230 0.150337 -0.001451 -0.002593 0.963605 -0.267313
85 1636686125.952411 -2.561450 -1.088249 0.108070 -0.000034 -0.003306 0.976815 -0.214060
86 1636686126.255008 -2.469588 -1.361421 0.101248 0.000323 -0.003104 0.987737 -0.156096
87 1636686126.355858 -2.449067 -1.454039 0.101194 0.000491 -0.003374 0.990610 -0.136677
88 1636686126.658437 -2.414223 -1.720538 0.094306 0.000894 -0.003484 0.996580 -0.082557
89 1636686126.961036 -2.402721 -1.986257 0.085971 0.001457 -0.004468 0.999333 -0.036222
90 1636686127.263553 -2.416311 -2.226568 0.082841 0.001621 -0.004501 0.999980 0.004148
91 1636686127.566143 -2.432495 -2.465291 0.088654 0.001756 -0.004737 0.999234 0.038817
92 1636686127.868674 -2.460883 -2.726598 0.090544 0.002185 -0.004735 0.997415 0.071671
93 1636686128.171257 -2.514607 -3.047588 0.076964 0.002420 -0.005248 0.994512 0.104458
94 1636686128.473813 -2.602038 -3.400114 0.052163 0.002917 -0.005387 0.990912 0.134369
95 1636686128.776395 -2.701715 -3.754314 0.031143 0.003332 -0.005859 0.987208 0.159298
96 1636686129.078937 -2.811415 -4.084389 0.009385 0.003918 -0.006081 0.984233 0.176730
97 1636686129.381505 -2.909384 -4.400038 -0.003841 0.004267 -0.006525 0.981956 0.188946
98 1636686129.684087 -2.998682 -4.673586 0.000121 0.004194 -0.006773 0.981177 0.192944
99 1636686129.986638 -3.092849 -4.939330 -0.007099 0.004158 -0.006990 0.981879 0.189334
100 1636686130.289226 -3.183644 -5.215466 -0.008457 0.003960 -0.007034 0.983150 0.182621
101 1636686130.591805 -3.272723 -5.513316 -0.003853 0.003694 -0.007246 0.984491 0.175248
102 1636686130.894391 -3.377919 -5.877946 -0.005413 0.003511 -0.006872 0.986083 0.166077
103 1636686131.196900 -3.492156 -6.326586 -0.009229 0.003446 -0.006437 0.987939 0.154670
104 1636686131.499499 -3.613372 -6.823961 -0.011437 0.002881 -0.007262 0.989955 0.141164
105 1636686131.802053 -3.720712 -7.325882 -0.016936 0.002581 -0.006916 0.991769 0.127830
106 1636686132.104687 -3.809998 -7.808340 -0.015982 0.002436 -0.006515 0.993271 0.115606
107 1636686132.407187 -3.880239 -8.277425 -0.023172 0.002363 -0.006089 0.994542 0.104137
108 1636686132.709776 -3.940380 -8.707785 -0.034206 0.001886 -0.005238 0.995710 0.092360
109 1636686133.012313 -3.981696 -9.108498 -0.033388 0.001692 -0.005420 0.996581 0.082428
110 1636686133.314888 -4.020621 -9.463935 -0.041670 0.001556 -0.005249 0.997010 0.077079
111 1636686133.617440 -4.054259 -9.787890 -0.038434 0.001320 -0.005030 0.996585 0.082406
112 1636686133.920026 -4.093993 -10.094048 -0.042376 0.001297 -0.005777 0.995859 0.090722
113 1636686134.222585 -4.124118 -10.358014 -0.041307 0.001633 -0.005457 0.994851 0.101184
114 1636686134.525149 -4.168155 -10.603702 -0.047093 0.001861 -0.005258 0.993855 0.110547
115 1636686134.827720 -4.204602 -10.857235 -0.046661 0.002354 -0.004688 0.992560 0.121646
116 1636686135.130284 -4.262187 -11.133263 -0.050636 0.002549 -0.004709 0.991013 0.133658
117 1636686135.432838 -4.340246 -11.457655 -0.057152 0.002850 -0.004878 0.988632 0.150252
118 1636686135.735422 -4.446353 -11.805814 -0.067034 0.002927 -0.005231 0.985678 0.168529
119 1636686136.038020 -4.563350 -12.164575 -0.067171 0.003173 -0.006852 0.981254 0.192572
120 1636686136.340537 -4.692016 -12.466794 -0.071390 0.002932 -0.006889 0.975254 0.220962
121 1636686136.643145 -4.827700 -12.738597 -0.077583 0.003675 -0.006847 0.966746 0.255619
122 1636686136.945710 -4.996669 -12.983700 -0.084235 0.003610 -0.007465 0.957948 0.286822
123 1636686137.248246 -5.147755 -13.202495 -0.090302 0.004307 -0.007687 0.948521 0.316592
124 1636686137.550863 -5.314225 -13.396504 -0.094479 0.004655 -0.008560 0.939454 0.342536
125 1636686137.853374 -5.472059 -13.576114 -0.102044 0.004800 -0.008723 0.929904 0.367667
126 1636686138.155953 -5.655494 -13.755285 -0.103167 0.004726 -0.009065 0.919906 0.392005
127 1636686138.458545 -5.875333 -13.967740 -0.105986 0.005190 -0.009623 0.907585 0.419727
128 1636686138.761097 -6.119680 -14.171178 -0.108075 0.005828 -0.009799 0.892959 0.449993
129 1636686139.063669 -6.380286 -14.361014 -0.109183 0.006304 -0.010207 0.877984 0.478540
130 1636686139.366251 -6.648908 -14.504455 -0.111215 0.005908 -0.010220 0.862912 0.505216
131 1636686139.668774 -6.907889 -14.638136 -0.121260 0.006222 -0.009806 0.846848 0.531709
132 1636686139.971345 -7.179257 -14.747057 -0.130633 0.006227 -0.009423 0.829477 0.558427
133 1636686140.274775 -7.475023 -14.856874 -0.134944 0.006552 -0.009793 0.809421 0.587111
134 1636686140.576498 -7.824888 -14.959019 -0.136041 0.007328 -0.010565 0.783526 0.621225
135 1636686140.879051 -8.199683 -15.025562 -0.139070 0.007818 -0.010593 0.748204 0.663338
136 1636686141.181608 -8.575386 -15.031096 -0.142997 0.007865 -0.010752 0.707042 0.707046
137 1636686141.484196 -8.926133 -14.984421 -0.144791 0.008394 -0.010310 0.661558 0.749776
138 1636686141.786739 -9.242096 -14.905063 -0.144846 0.008926 -0.010306 0.614062 0.789140
139 1636686142.089308 -9.526741 -14.801373 -0.140511 0.009131 -0.010637 0.567919 0.822965
140 1636686142.391914 -9.768189 -14.689427 -0.140408 0.009304 -0.010709 0.522486 0.852530
141 1636686142.694473 -9.979253 -14.551254 -0.140801 0.009291 -0.010860 0.480712 0.876762
142 1636686142.997033 -10.154227 -14.429959 -0.138984 0.009372 -0.011239 0.443444 0.896183
143 1636686143.299590 -10.313268 -14.292840 -0.137218 0.009498 -0.011717 0.405994 0.913751
144 1636686143.602168 -10.452329 -14.121533 -0.128329 0.009420 -0.011270 0.367597 0.929869
145 1636686143.904737 -10.609680 -13.923224 -0.131321 0.010259 -0.011662 0.319925 0.947316
146 1636686144.207307 -10.780610 -13.632543 -0.129306 0.010074 -0.011551 0.261877 0.964979
147 1636686144.509866 -10.934308 -13.329589 -0.129804 0.010126 -0.011471 0.205883 0.978457
148 1636686144.812441 -11.051185 -13.020342 -0.125656 0.009471 -0.011489 0.161236 0.986804
149 1636686145.115029 -11.139962 -12.732712 -0.124844 0.008710 -0.011244 0.127648 0.991718
150 1636686145.417555 -11.201206 -12.456799 -0.122612 0.007547 -0.010368 0.102647 0.994635
151 1636686145.720135 -11.254745 -12.219773 -0.120379 0.007540 -0.010488 0.085758 0.996232
152 1636686146.022677 -11.301847 -12.000461 -0.119024 0.007405 -0.010625 0.073382 0.997220
153 1636686146.325266 -11.346808 -11.780222 -0.115191 0.007293 -0.010985 0.066329 0.997711
154 1636686146.627825 -11.389885 -11.550199 -0.114848 0.007218 -0.011472 0.063057 0.997918
155 1636686146.930432 -11.439016 -11.291504 -0.113776 0.007438 -0.011852 0.058901 0.998166
156 1636686147.232960 -11.492208 -10.961013 -0.113554 0.007749 -0.012084 0.054053 0.998435
157 1636686147.535550 -11.558698 -10.555902 -0.110838 0.008885 -0.011851 0.045840 0.998839
158 1636686147.838087 -11.612252 -10.090350 -0.104069 0.008039 -0.011125 0.035506 0.999275
159 1636686148.140671 -11.667815 -9.618552 -0.097416 0.008062 -0.011661 0.024553 0.999598
160 1636686148.443646 -11.708291 -9.173993 -0.092249 0.008665 -0.012455 0.013594 0.999792
161 1636686148.745792 -11.729073 -8.739329 -0.088330 0.007879 -0.012311 0.004066 0.999885
162 1636686148.947503 -11.740913 -8.453714 -0.085995 0.009339 -0.012157 -0.002719 0.999879
163 1636686149.250060 -11.758206 -7.993649 -0.082329 0.008930 -0.012998 -0.011116 0.999814
164 1636686149.552622 -11.765653 -7.505836 -0.075714 0.009368 -0.013597 -0.014125 0.999764
165 1636686149.855201 -11.786653 -6.994619 -0.067404 0.007422 -0.014372 -0.014408 0.999765
166 1636686150.157773 -11.805791 -6.507677 -0.059943 0.006266 -0.014460 -0.011701 0.999807
167 1636686150.460320 -11.831002 -6.040704 -0.056149 0.005937 -0.015330 -0.009950 0.999815
168 1636686150.762918 -11.841177 -5.583243 -0.050576 0.006190 -0.014470 -0.007179 0.999850
169 1636686151.065485 -11.863951 -5.126540 -0.054146 0.008166 -0.014973 -0.005721 0.999838
170 1636686151.368044 -11.880626 -4.627161 -0.048276 0.007072 -0.013387 -0.002995 0.999881
171 1636686151.670621 -11.903911 -4.132405 -0.044936 0.006525 -0.012842 -0.000116 0.999896
172 1636686151.771444 -11.913593 -3.970949 -0.039686 0.006277 -0.012859 0.000813 0.999897
173 1636686152.074048 -11.940421 -3.510456 -0.038826 0.006170 -0.012380 0.003330 0.999899
174 1636686152.376587 -11.964440 -3.069945 -0.033896 0.007369 -0.011004 0.006267 0.999893
175 1636686152.679189 -12.003740 -2.626440 -0.033544 0.006750 -0.012220 0.008589 0.999866
176 1636686152.981728 -12.033145 -2.210046 -0.030035 0.007197 -0.011991 0.010755 0.999844
177 1636686153.284304 -12.069121 -1.796884 -0.027004 0.007051 -0.012425 0.012874 0.999815
178 1636686153.586859 -12.100395 -1.396630 -0.023917 0.007016 -0.012310 0.014862 0.999789
179 1636686153.889421 -12.144039 -1.015177 -0.019740 0.006926 -0.013368 0.015966 0.999759
180 1636686154.192012 -12.177003 -0.605951 -0.013828 0.006089 -0.012297 0.019389 0.999718
181 1636686154.494596 -12.242126 -0.186328 -0.009650 0.005417 -0.012752 0.029879 0.999458
182 1636686154.797146 -12.326892 0.224131 -0.008338 0.005299 -0.012676 0.054234 0.998434
183 1636686155.099679 -12.422316 0.607549 -0.007509 0.005554 -0.012175 0.089052 0.995937
184 1636686155.402251 -12.543643 0.960926 -0.013162 0.006441 -0.011867 0.131412 0.991236
185 1636686155.704863 -12.687853 1.285614 -0.006826 0.005774 -0.011003 0.179812 0.983622
186 1636686156.008442 -12.872601 1.564613 -0.013178 0.005850 -0.011734 0.235624 0.971756
187 1636686156.309952 -13.065822 1.814810 -0.009176 0.006213 -0.010643 0.293115 0.955998
188 1636686156.612523 -13.323329 2.053049 -0.010680 0.006905 -0.011158 0.352041 0.935893
189 1636686156.915103 -13.643737 2.297283 -0.005853 0.007865 -0.010343 0.420549 0.907177
190 1636686157.217698 -14.017731 2.484954 -0.007866 0.008233 -0.010082 0.492444 0.870247
191 1636686157.520242 -14.403311 2.601500 -0.011072 0.007775 -0.009857 0.562386 0.826779
192 1636686157.822781 -14.788390 2.643962 -0.016341 0.007533 -0.010479 0.624643 0.780804
193 1636686158.125414 -15.151853 2.635661 -0.016271 0.006978 -0.010519 0.681300 0.731895
194 1636686158.427950 -15.480385 2.565885 -0.018688 0.007382 -0.011347 0.730417 0.682867
195 1636686158.730491 -15.797636 2.477600 -0.020192 0.006998 -0.010713 0.774758 0.632128
196 1636686159.033099 -16.105627 2.345007 -0.022508 0.006793 -0.009939 0.815028 0.579296
197 1636686159.335718 -16.427668 2.159955 -0.022002 0.006419 -0.007869 0.853993 0.520185
198 1636686159.638175 -16.785100 1.879895 -0.021562 0.005818 -0.007492 0.891976 0.451982
199 1636686159.940763 -17.124526 1.497534 -0.019421 0.005535 -0.006049 0.928807 0.370472
200 1636686160.243315 -17.382820 1.050022 -0.029644 0.005310 -0.007103 0.955301 0.295501
201 1636686160.545908 -17.575519 0.586694 -0.030212 0.004221 -0.007238 0.973587 0.228164
202 1636686160.848454 -17.689544 0.127067 -0.052759 0.004380 -0.007590 0.984559 0.174833
203 1636686161.151046 -17.764684 -0.310886 -0.053083 0.005450 -0.006968 0.991068 0.133060
204 1636686161.453590 -17.808302 -0.726712 -0.053392 0.005779 -0.005916 0.994790 0.101605
205 1636686161.756149 -17.835542 -1.104511 -0.066725 0.005697 -0.005387 0.996655 0.081347
206 1636686162.058757 -17.864028 -1.465376 -0.060000 0.005790 -0.005472 0.997752 0.066536
207 1636686162.361300 -17.867363 -1.818798 -0.063604 0.006295 -0.005322 0.998391 0.056098
208 1636686162.663876 -17.886553 -2.201586 -0.059501 0.006445 -0.004823 0.998937 0.045395
209 1636686162.966424 -17.895255 -2.651715 -0.065318 0.006297 -0.002779 0.999284 0.037193
210 1636686163.269221 -17.901166 -3.216622 -0.085993 0.005432 -0.002410 0.999603 0.027531
211 1636686163.571569 -17.885458 -3.809467 -0.089646 0.006002 -0.001448 0.999648 0.025792
212 1636686163.874129 -17.897175 -4.394126 -0.091825 0.005979 -0.002820 0.999528 0.030001
213 1636686164.176746 -17.910453 -4.925615 -0.099549 0.005947 -0.002695 0.999291 0.037071
214 1636686164.479283 -17.937953 -5.444707 -0.101336 0.005248 -0.004130 0.999027 0.043583
215 1636686164.781813 -17.952579 -5.952954 -0.110478 0.005395 -0.004762 0.998700 0.050469
216 1636686165.084394 -17.983879 -6.467093 -0.103541 0.005854 -0.006136 0.998346 0.056859
217 1636686165.386956 -18.023226 -7.024172 -0.110022 0.005835 -0.005973 0.997883 0.064499
218 1636686165.689513 -18.071078 -7.653674 -0.119558 0.005915 -0.005224 0.997674 0.067710
219 1636686165.992111 -18.111961 -8.333740 -0.130718 0.006622 -0.004066 0.997622 0.068484
220 1636686166.294651 -18.171278 -9.019915 -0.131344 0.005887 -0.003776 0.997974 0.063230
221 1636686166.597233 -18.216296 -9.694371 -0.134627 0.005580 -0.002826 0.998285 0.058199
222 1636686166.899806 -18.244704 -10.367700 -0.136152 0.006351 -0.002605 0.998548 0.053434
223 1636686167.202347 -18.284178 -11.053042 -0.131762 0.005658 -0.004025 0.998839 0.047676
224 1636686167.504928 -18.302025 -11.748036 -0.150312 0.005692 -0.003739 0.999086 0.042207
225 1636686167.807633 -18.312389 -12.462742 -0.158999 0.006676 -0.003113 0.999214 0.038950
226 1636686168.110082 -18.329956 -13.177181 -0.169709 0.006146 -0.003672 0.999281 0.037228
227 1636686168.412626 -18.333056 -13.876119 -0.187116 0.006851 -0.003736 0.999273 0.037318
228 1636686168.715222 -18.360474 -14.598566 -0.180753 0.006421 -0.006001 0.999205 0.038880
229 1636686169.017776 -18.383196 -15.347574 -0.193957 0.006066 -0.003900 0.999139 0.040854
230 1636686169.320333 -18.403995 -16.130183 -0.212325 0.006466 -0.003277 0.999008 0.043938
231 1636686169.622887 -18.438510 -16.935964 -0.226605 0.005639 -0.005494 0.998890 0.046437
232 1636686169.925468 -18.469207 -17.710408 -0.226613 0.006600 -0.004438 0.998704 0.050272
233 1636686170.228045 -18.510425 -18.457478 -0.235674 0.006232 -0.003393 0.998571 0.052977
234 1636686170.530616 -18.554779 -19.199272 -0.256608 0.005639 -0.003800 0.998487 0.054575
235 1636686170.833168 -18.605100 -19.928294 -0.257317 0.005243 -0.003179 0.998528 0.053883
236 1636686171.135733 -18.635242 -20.645577 -0.270234 0.005442 -0.002552 0.998785 0.048916
237 1636686171.438299 -18.662237 -21.379003 -0.272043 0.005261 -0.002654 0.999016 0.043954
238 1636686171.740859 -18.684661 -22.139394 -0.269843 0.005388 -0.004461 0.999236 0.038447
239 1636686172.043417 -18.698480 -22.868755 -0.293515 0.004774 -0.004183 0.999458 0.032316
240 1636686172.345989 -18.696450 -23.604749 -0.291921 0.004776 -0.003837 0.999601 0.027580
241 1636686172.648549 -18.683692 -24.335112 -0.299851 0.004718 -0.004113 0.999692 0.024009
242 1636686172.951121 -18.669863 -25.082095 -0.324464 0.004832 -0.004794 0.999701 0.023486
243 1636686173.253703 -18.662823 -25.851436 -0.337611 0.004675 -0.004245 0.999693 0.023978
244 1636686173.556257 -18.649871 -26.591937 -0.352244 0.004971 -0.001020 0.999675 0.024987
245 1636686173.858829 -18.633800 -27.334841 -0.357461 0.005865 -0.000504 0.999625 0.026742
246 1636686174.161417 -18.626316 -28.097004 -0.363666 0.006229 -0.002962 0.999583 0.028026
247 1636686174.463977 -18.636580 -28.844147 -0.344688 0.006217 -0.003933 0.999537 0.029535
248 1636686174.766529 -18.637929 -29.578920 -0.350894 0.006758 -0.004159 0.999527 0.029712
249 1636686175.069116 -18.662651 -30.291893 -0.350303 0.005038 -0.004188 0.999529 0.029995
250 1636686175.372250 -18.645675 -30.977212 -0.388268 0.006013 -0.001874 0.999525 0.030172
251 1636686175.674242 -18.665663 -31.701202 -0.345994 0.005740 -0.002153 0.999593 0.027864
252 1636686175.976789 -18.654214 -32.455890 -0.390719 0.005274 -0.002257 0.999599 0.027732
253 1636686176.279375 -18.657753 -33.220653 -0.388747 0.005328 -0.001965 0.999636 0.026383
254 1636686176.581934 -18.663918 -33.989674 -0.371631 0.005346 -0.002630 0.999687 0.024312
255 1636686176.884486 -18.661398 -34.746052 -0.394299 0.004118 -0.004320 0.999723 0.022759
256 1636686177.187048 -18.652129 -35.483465 -0.405005 0.004323 -0.001835 0.999751 0.021801
257 1636686177.489656 -18.643482 -36.252536 -0.399386 0.004836 -0.002293 0.999777 0.020411
258 1636686177.792191 -18.633084 -37.051090 -0.396924 0.004919 -0.004798 0.999817 0.017861
259 1636686178.094770 -18.624295 -37.818979 -0.410184 0.003961 -0.004020 0.999854 0.016159
260 1636686178.397393 -18.584682 -38.575278 -0.433638 0.005388 -0.002893 0.999866 0.015169
261 1636686178.699884 -18.575475 -39.328281 -0.440396 0.003974 -0.003719 0.999894 0.013470
262 1636686179.002468 -18.541940 -40.055771 -0.438919 0.005384 -0.003803 0.999899 0.012562
263 1636686179.306367 -18.524745 -40.766427 -0.438221 0.004719 -0.004259 0.999921 0.010836
264 1636686179.607590 -18.490107 -41.459976 -0.456214 0.005288 -0.003496 0.999931 0.009938
265 1636686179.910188 -18.467875 -42.160453 -0.450732 0.005129 -0.003623 0.999944 0.008554
266 1636686180.212730 -18.427124 -42.887549 -0.478254 0.006142 -0.000775 0.999954 0.007337
267 1636686180.515316 -18.407289 -43.656853 -0.474545 0.005411 -0.000566 0.999956 0.007616
268 1636686180.817856 -18.363759 -44.431379 -0.493391 0.006462 -0.002704 0.999937 0.008781
269 1636686181.120420 -18.348688 -45.194956 -0.482172 0.005801 -0.002598 0.999928 0.010181
270 1636686181.422993 -18.325355 -45.933065 -0.496398 0.005673 -0.002856 0.999921 0.010851
271 1636686181.725578 -18.307007 -46.668841 -0.488450 0.005963 -0.001860 0.999902 0.012490
272 1636686182.028124 -18.279173 -47.409942 -0.523028 0.004967 -0.003111 0.999894 0.013344
273 1636686182.330726 -18.265100 -48.130930 -0.492685 0.005776 -0.004270 0.999875 0.014061
274 1636686182.633297 -18.236845 -48.819762 -0.517124 0.006759 -0.003050 0.999841 0.016197
275 1636686182.935849 -18.229208 -49.513941 -0.526993 0.006717 -0.004212 0.999827 0.016800
276 1636686183.238404 -18.219645 -50.159087 -0.526009 0.005913 -0.003502 0.999825 0.017386
277 1636686183.540973 -18.205989 -50.791454 -0.532341 0.006285 -0.002699 0.999825 0.017388
278 1636686183.843543 -18.201963 -51.403671 -0.534518 0.005624 -0.002651 0.999850 0.016189
279 1636686184.146112 -18.190923 -51.981286 -0.545303 0.005612 -0.002590 0.999898 0.012850
280 1636686184.448656 -18.175162 -52.526346 -0.552125 0.004618 -0.002968 0.999982 -0.002318
281 1636686184.751281 -18.118425 -53.044978 -0.556658 0.005803 -0.003032 0.999420 -0.033418
282 1636686185.053814 -18.032828 -53.517450 -0.539497 0.006062 -0.002818 0.996997 -0.077151
283 1636686185.356375 -17.892768 -53.954195 -0.551843 0.005643 -0.003193 0.991699 -0.128419
284 1636686185.658934 -17.718581 -54.335024 -0.555507 0.006116 -0.003256 0.982207 -0.187676
285 1636686185.961523 -17.491241 -54.669918 -0.558819 0.006249 -0.003136 0.966059 -0.258227
286 1636686186.264084 -17.217770 -54.981479 -0.553525 0.005088 -0.003126 0.943932 -0.330085
287 1636686186.566620 -16.884729 -55.257558 -0.553608 0.003393 -0.002663 0.914143 -0.405370
288 1636686186.869216 -16.478671 -55.485983 -0.557445 0.001743 -0.002108 0.875839 -0.482595
289 1636686187.172162 -16.040553 -55.644404 -0.566445 -0.001258 0.002132 -0.831645 0.555303
290 1636686187.474341 -15.616661 -55.712029 -0.566683 -0.000526 0.001452 -0.782369 0.622813
291 1636686187.776897 -15.202149 -55.719243 -0.565430 0.000103 0.001463 -0.729913 0.683538
292 1636686188.079483 -14.825007 -55.669053 -0.559032 0.002169 0.001043 -0.676524 0.736417
293 1636686188.382036 -14.466298 -55.551903 -0.566208 0.002196 0.000037 -0.621581 0.783347
294 1636686188.684653 -14.131802 -55.383101 -0.566913 0.002604 -0.000615 -0.563459 0.826140
295 1636686188.987174 -13.802964 -55.141298 -0.559360 0.003082 -0.001973 -0.497931 0.867209
296 1636686189.289747 -13.442791 -54.822167 -0.554081 0.003393 -0.001793 -0.419937 0.907545
297 1636686189.592350 -13.114588 -54.373461 -0.546752 0.003870 -0.002910 -0.333284 0.942814
298 1636686189.894871 -12.833090 -53.862625 -0.552215 0.002991 -0.002570 -0.252717 0.967532
299 1636686190.197434 -12.650226 -53.343002 -0.545100 0.004479 -0.004288 -0.185604 0.982605
300 1636686190.500019 -12.520615 -52.836492 -0.533634 0.005432 -0.004540 -0.132278 0.991187
301 1636686190.802591 -12.438583 -52.347530 -0.531071 0.006592 -0.004982 -0.092523 0.995676
302 1636686191.105683 -12.398844 -51.870450 -0.523938 0.007162 -0.006860 -0.069746 0.997515
303 1636686191.407821 -12.359929 -51.402915 -0.522042 0.006936 -0.006329 -0.055729 0.998402
304 1636686191.710254 -12.328628 -50.911954 -0.519150 0.005835 -0.006027 -0.050447 0.998692
305 1636686192.012853 -12.305026 -50.369743 -0.508290 0.006998 -0.006901 -0.047759 0.998811
306 1636686192.315412 -12.282390 -49.738393 -0.508718 0.005444 -0.007098 -0.047302 0.998841
307 1636686192.617987 -12.245672 -49.081566 -0.497517 0.006614 -0.006199 -0.051202 0.998647
308 1636686192.920524 -12.220058 -48.438584 -0.492262 0.007145 -0.008676 -0.057862 0.998261
309 1636686193.223097 -12.167952 -47.822561 -0.478694 0.007950 -0.007409 -0.064334 0.997869
310 1636686193.525676 -12.125098 -47.199785 -0.472647 0.006396 -0.008578 -0.070438 0.997459
311 1636686193.828247 -12.058730 -46.577497 -0.467274 0.006807 -0.009423 -0.073610 0.997219
312 1636686194.130793 -11.990080 -45.927363 -0.458177 0.009063 -0.009880 -0.071647 0.997340
313 1636686194.433404 -11.927728 -45.204604 -0.442518 0.009407 -0.010142 -0.064976 0.997791
314 1636686194.735964 -11.878987 -44.448747 -0.421552 0.008634 -0.011567 -0.057809 0.998223
315 1636686195.039803 -11.847584 -43.673560 -0.426086 0.005331 -0.012948 -0.052437 0.998526
316 1636686195.341247 -11.814925 -42.929410 -0.415037 0.003232 -0.012885 -0.045110 0.998894
317 1636686195.643640 -11.792051 -42.217930 -0.401882 0.006401 -0.011394 -0.039285 0.999143
318 1636686195.946191 -11.794429 -41.516294 -0.400627 0.006725 -0.013565 -0.037091 0.999197
319 1636686196.248784 -11.763371 -40.809004 -0.381675 0.006151 -0.011025 -0.034521 0.999324
320 1636686196.551365 -11.761934 -40.087522 -0.379713 0.006037 -0.011940 -0.033190 0.999360
321 1636686196.853890 -11.744671 -39.326147 -0.363828 0.006825 -0.011226 -0.031312 0.999423
322 1636686197.156482 -11.738547 -38.501463 -0.357854 0.006695 -0.010339 -0.029776 0.999481
323 1636686197.459041 -11.741084 -37.664872 -0.354888 0.006460 -0.011394 -0.032327 0.999392
324 1636686197.761613 -11.734075 -36.831043 -0.338412 0.005923 -0.012350 -0.035361 0.999281
325 1636686198.064176 -11.711799 -35.997356 -0.330586 0.003757 -0.011388 -0.037694 0.999217
326 1636686198.366755 -11.697898 -35.201386 -0.326350 0.005004 -0.012405 -0.041030 0.999068
327 1636686198.669292 -11.682078 -34.438205 -0.327010 0.007651 -0.013227 -0.044218 0.998905
328 1636686198.971858 -11.653400 -33.680704 -0.312295 0.007199 -0.012957 -0.046931 0.998788
329 1636686199.274449 -11.620622 -32.957100 -0.310632 0.006064 -0.012917 -0.049064 0.998694
330 1636686199.576992 -11.599493 -32.259184 -0.297091 0.005254 -0.013444 -0.048025 0.998742
331 1636686199.879653 -11.568459 -31.560553 -0.296597 0.005560 -0.012917 -0.045714 0.998856
332 1636686200.182147 -11.559755 -30.851904 -0.290225 0.005807 -0.014201 -0.041583 0.999017
333 1636686200.484712 -11.551519 -30.115844 -0.282260 0.007295 -0.014627 -0.036770 0.999190
334 1636686200.787315 -11.538499 -29.330106 -0.287003 0.010258 -0.014410 -0.031998 0.999331
335 1636686201.089866 -11.553320 -28.502290 -0.276334 0.009027 -0.016691 -0.028553 0.999412
336 1636686201.392419 -11.541679 -27.666155 -0.250886 0.008045 -0.015592 -0.026971 0.999482
337 1636686201.695000 -11.544739 -26.832787 -0.249203 0.006491 -0.015707 -0.025960 0.999518
338 1636686201.997541 -11.546742 -26.033763 -0.243030 0.005561 -0.015340 -0.025544 0.999541
339 1636686202.300113 -11.533578 -25.254959 -0.220519 0.006050 -0.013791 -0.025039 0.999573
340 1636686202.602683 -11.546859 -24.467160 -0.223281 0.005855 -0.014334 -0.025890 0.999545
341 1636686202.905229 -11.535959 -23.628547 -0.214295 0.002982 -0.012560 -0.025321 0.999596
342 1636686203.207819 -11.537393 -22.787878 -0.208052 0.002763 -0.012162 -0.026021 0.999584
343 1636686203.510360 -11.537792 -21.929573 -0.203482 0.004216 -0.012573 -0.027761 0.999527
344 1636686203.812924 -11.548967 -21.066609 -0.208225 0.003579 -0.013675 -0.029940 0.999452
345 1636686204.115509 -11.532809 -20.236129 -0.194777 0.003697 -0.012668 -0.030816 0.999438
346 1636686204.418088 -11.537181 -19.430130 -0.199335 0.005927 -0.014620 -0.032630 0.999343
347 1636686204.720655 -11.518933 -18.641885 -0.191059 0.006535 -0.013649 -0.033742 0.999316
348 1636686205.023220 -11.519723 -17.859969 -0.186459 0.005237 -0.015178 -0.035365 0.999245
349 1636686205.325794 -11.496071 -17.128640 -0.169960 0.007879 -0.013820 -0.035260 0.999252
350 1636686205.628351 -11.478247 -16.387051 -0.168789 0.009920 -0.012936 -0.035117 0.999250
351 1636686205.930914 -11.469653 -15.585249 -0.147574 0.007919 -0.013353 -0.035107 0.999263
352 1636686206.233514 -11.442582 -14.782512 -0.133648 0.008180 -0.011896 -0.034595 0.999297
353 1636686206.536045 -11.430972 -13.947122 -0.132758 0.007825 -0.011823 -0.034171 0.999315
354 1636686206.838813 -11.422464 -13.092623 -0.114421 0.006787 -0.011878 -0.033696 0.999338
355 1636686207.141186 -11.410463 -12.241656 -0.112889 0.005818 -0.010916 -0.032721 0.999388
356 1636686207.443759 -11.406343 -11.402373 -0.109377 0.004744 -0.011687 -0.031670 0.999419
357 1636686207.746326 -11.400830 -10.600880 -0.109867 0.006433 -0.012050 -0.029182 0.999481
358 1636686208.048953 -11.398550 -9.808817 -0.094496 0.006590 -0.011421 -0.027020 0.999548
359 1636686208.351458 -11.406468 -9.060635 -0.087397 0.006663 -0.012214 -0.024856 0.999594
360 1636686208.654004 -11.412624 -8.339536 -0.086037 0.007376 -0.012035 -0.022442 0.999648
361 1636686208.956632 -11.433088 -7.663378 -0.072381 0.008306 -0.013241 -0.020896 0.999659
362 1636686209.259141 -11.447199 -7.000891 -0.055225 0.007778 -0.013480 -0.019883 0.999681
363 1636686209.561698 -11.472210 -6.342553 -0.054440 0.005928 -0.015181 -0.020005 0.999667
364 1636686209.864273 -11.486001 -5.688676 -0.039538 0.003893 -0.015179 -0.019515 0.999687
365 1636686210.166873 -11.487176 -5.059648 -0.041558 0.006328 -0.014557 -0.019463 0.999685
366 1636686210.470097 -11.499237 -4.431675 -0.036614 0.005873 -0.015005 -0.019997 0.999670
367 1636686210.771962 -11.500708 -3.828417 -0.028718 0.005886 -0.013986 -0.019278 0.999699
368 1636686211.074542 -11.504459 -3.235531 -0.020532 0.005337 -0.012595 -0.018016 0.999744
369 1636686211.377128 -11.523344 -2.675098 -0.017117 0.006964 -0.012892 -0.017912 0.999732
370 1636686211.679700 -11.533115 -2.134577 -0.010316 0.007181 -0.012300 -0.016516 0.999762
371 1636686211.982245 -11.559016 -1.617888 -0.007612 0.007467 -0.012818 -0.012254 0.999815
372 1636686212.284799 -11.585747 -1.104371 -0.001835 0.007035 -0.012427 -0.001418 0.999897
373 1636686212.385691 -11.601070 -0.929342 0.000311 0.007169 -0.012330 0.004343 0.999889
374 1636686212.688232 -11.670982 -0.389253 0.000239 0.006037 -0.012148 0.030494 0.999443
375 1636686212.990805 -11.786112 0.128633 0.000603 0.005191 -0.012042 0.072282 0.997298
376 1636686213.293378 -11.946263 0.627369 0.011567 0.004333 -0.012231 0.126615 0.991867
377 1636686213.595928 -12.141819 1.078659 0.017841 0.005955 -0.009991 0.191162 0.981490
378 1636686213.898484 -12.407645 1.477922 0.009608 0.006395 -0.009646 0.262235 0.964935
379 1636686214.201089 -12.743209 1.813056 0.007947 0.006580 -0.010901 0.339588 0.940488
380 1636686214.503652 -13.118634 2.098876 0.011507 0.006647 -0.010457 0.422448 0.906302
381 1636686214.806189 -13.548548 2.305252 0.011837 0.007595 -0.010416 0.504709 0.863193
382 1636686215.108785 -14.005096 2.434842 0.006749 0.007759 -0.009542 0.582299 0.812881
383 1636686215.411344 -14.473035 2.472506 -0.000119 0.007450 -0.009277 0.653045 0.757226
384 1636686215.713913 -14.933379 2.423627 -0.002870 0.006181 -0.010306 0.714484 0.699549
385 1636686216.016451 -15.353827 2.309975 -0.008293 0.006177 -0.010473 0.769065 0.639055
386 1636686216.319039 -15.761885 2.138649 -0.015045 0.005704 -0.009862 0.819849 0.572466
387 1636686216.621624 -16.147729 1.896743 -0.006421 0.005280 -0.007490 0.867855 0.496734
388 1636686216.924160 -16.530846 1.546745 -0.010548 0.004598 -0.006886 0.912806 0.408308
389 1636686217.226762 -16.850674 1.066978 -0.020283 0.004113 -0.007127 0.951891 0.306327
390 1636686217.529296 -17.064548 0.508367 -0.022450 0.003461 -0.007062 0.978228 0.207384
391 1636686217.831880 -17.160351 -0.069756 -0.040622 0.003781 -0.006806 0.993247 0.115759
392 1636686218.134453 -17.162824 -0.640618 -0.045104 0.003645 -0.006703 0.999295 0.036751
393 1636686218.336148 -17.128448 -0.992318 -0.046733 0.003599 -0.004451 0.999962 -0.006613
394 1636686218.638704 -17.023188 -1.526220 -0.050448 0.003817 -0.003235 0.997965 -0.063570
395 1636686218.941264 -16.868482 -2.055540 -0.057935 0.003544 -0.003359 0.993943 -0.109792
396 1636686219.243843 -16.665824 -2.572727 -0.056564 0.003725 -0.002439 0.988348 -0.152144
397 1636686219.546412 -16.416364 -3.117490 -0.066057 0.002861 -0.000658 0.982589 -0.185770
398 1636686219.647274 -16.318500 -3.313031 -0.063518 0.002848 0.000592 0.980775 -0.195122
399 1636686219.949840 -15.977711 -3.914297 -0.070166 0.003624 0.000908 0.976843 -0.213925
400 1636686220.252409 -15.635520 -4.530351 -0.063749 0.003643 0.001166 0.975442 -0.220225
401 1636686220.353248 -15.520058 -4.737043 -0.064674 0.003830 0.000300 0.975739 -0.218903
402 1636686220.655849 -15.198248 -5.332170 -0.066672 0.005625 -0.000600 0.978966 -0.203947
403 1636686220.958416 -14.937035 -5.915873 -0.068589 0.006093 -0.001839 0.982940 -0.183817
404 1636686221.260963 -14.714416 -6.478956 -0.076204 0.006242 -0.002385 0.986610 -0.162957
405 1636686221.563505 -14.520637 -7.017420 -0.076826 0.007194 -0.002958 0.989803 -0.142229
406 1636686221.866103 -14.379267 -7.525884 -0.082914 0.005925 -0.000972 0.992330 -0.123473
407 1636686222.067791 -14.290363 -7.855321 -0.084331 0.005748 0.000884 0.993786 -0.111158
408 1636686222.370374 -14.161119 -8.360856 -0.089410 0.006406 0.001317 0.995648 -0.092961
409 1636686222.672926 -14.061904 -8.894825 -0.090595 0.005583 0.000478 0.997109 -0.075772
410 1636686222.773796 -14.028545 -9.083582 -0.092526 0.005398 -0.000200 0.997444 -0.071242
411 1636686223.076346 -13.918079 -9.689575 -0.095198 0.005614 -0.003305 0.998040 -0.062238
412 1636686223.479764 -13.746136 -10.465144 -0.106280 0.005846 -0.004358 0.997587 -0.069047
413 1636686223.782356 -13.615270 -11.018482 -0.109952 0.004870 -0.002938 0.996274 -0.086060
414 1636686224.084939 -13.461070 -11.552372 -0.110734 0.004312 -0.002757 0.993707 -0.111895
415 1636686224.387483 -13.273856 -12.047881 -0.118177 0.003193 -0.002438 0.989374 -0.145338
416 1636686224.690062 -13.047007 -12.496155 -0.118627 0.003096 -0.001794 0.981389 -0.191998
417 1636686224.992601 -12.792659 -12.907060 -0.119682 0.002784 -0.001038 0.969470 -0.245193
418 1636686225.396022 -12.374617 -13.424947 -0.127144 0.002108 -0.000922 0.948581 -0.316526
419 1636686225.698602 -11.985581 -13.781830 -0.124953 0.002505 -0.000351 0.927943 -0.372714
420 1636686226.004169 -11.569835 -14.100498 -0.131009 0.001312 0.000080 0.904766 -0.425907
421 1636686226.404600 -10.968872 -14.432445 -0.125645 0.001786 0.000666 0.870759 -0.491706
422 1636686226.606301 -10.661393 -14.560484 -0.128139 -0.001463 -0.001144 -0.852923 0.522034
423 1636686226.908864 -10.205202 -14.713442 -0.129499 -0.001034 -0.002359 -0.825101 0.564979
424 1636686227.312307 -9.574743 -14.838506 -0.129954 -0.000290 -0.002640 -0.786312 0.617824
425 1636686227.614870 -9.092713 -14.894072 -0.126856 0.001427 -0.003107 -0.753468 0.657475
426 1636686227.917443 -8.579141 -14.860126 -0.123586 0.001413 -0.003759 -0.714150 0.699982
427 1636686228.219988 -8.079119 -14.794176 -0.118607 0.002341 -0.004781 -0.667282 0.744786
428 1636686228.522564 -7.592984 -14.652870 -0.117412 0.003699 -0.005644 -0.613634 0.789561
429 1636686228.825130 -7.143784 -14.458674 -0.104633 0.005401 -0.005448 -0.550851 0.834569
430 1636686229.127719 -6.750111 -14.179756 -0.105070 0.006045 -0.006771 -0.478467 0.878059
431 1636686229.430279 -6.426996 -13.830451 -0.091261 0.004968 -0.007990 -0.397873 0.917392
432 1636686229.732832 -6.170532 -13.460625 -0.091030 0.005833 -0.007594 -0.315959 0.948725
433 1636686230.035713 -5.998697 -13.039079 -0.086759 0.004615 -0.008019 -0.234382 0.972100
434 1636686230.337953 -5.893174 -12.619946 -0.077295 0.004873 -0.008731 -0.155339 0.987811
435 1636686230.640541 -5.867574 -12.193415 -0.078151 0.005317 -0.008848 -0.085305 0.996301
436 1636686230.943168 -5.889706 -11.750308 -0.070706 0.005536 -0.009547 -0.025728 0.999608
437 1636686231.145211 -5.931978 -11.431102 -0.060448 0.005684 -0.010338 0.009324 0.999887
438 1636686231.447363 -6.041192 -10.917378 -0.067247 0.006391 -0.011649 0.053558 0.998476
439 1636686231.749951 -6.186014 -10.368603 -0.059608 0.005278 -0.011044 0.089596 0.995903
440 1636686232.052731 -6.357180 -9.825385 -0.063286 0.006904 -0.011219 0.103507 0.994542
441 1636686232.355082 -6.531153 -9.259378 -0.050672 0.007694 -0.012489 0.099989 0.994880
442 1636686232.657677 -6.646476 -8.707181 -0.045030 0.006612 -0.012390 0.070944 0.997381
443 1636686232.960250 -6.695484 -8.214761 -0.045258 0.006520 -0.011453 0.031672 0.999411
444 1636686233.262801 -6.707810 -7.724033 -0.037041 0.006151 -0.011682 -0.015387 0.999794
445 1636686233.566296 -6.679526 -7.284741 -0.032048 0.006906 -0.011717 -0.059768 0.998120
446 1636686233.867893 -6.606374 -6.879816 -0.024996 0.006809 -0.010767 -0.100638 0.994842
447 1636686234.170469 -6.525650 -6.516676 -0.021802 0.006800 -0.010866 -0.133982 0.990901
448 1636686234.473040 -6.415927 -6.174314 -0.011494 0.006550 -0.011237 -0.160013 0.987029
449 1636686234.775592 -6.304751 -5.844594 -0.008202 0.006301 -0.011028 -0.178743 0.983814
450 1636686235.078192 -6.195590 -5.506597 -0.007836 0.007520 -0.010941 -0.186945 0.982281
451 1636686235.380753 -6.063592 -5.132411 0.001722 0.007064 -0.011382 -0.194009 0.980908
452 1636686235.683300 -5.924613 -4.716697 -0.000108 0.006973 -0.011259 -0.195203 0.980674
453 1636686235.985898 -5.776117 -4.307015 0.009796 0.006936 -0.011361 -0.195065 0.980700
454 1636686236.288440 -5.640396 -3.914128 0.012768 0.007467 -0.012781 -0.197224 0.980247
455 1636686236.591012 -5.498466 -3.542502 0.013878 0.006997 -0.011594 -0.206025 0.978453
456 1636686236.893559 -5.356393 -3.195979 0.029208 0.007033 -0.011538 -0.216540 0.976180
457 1636686237.196140 -5.212967 -2.855314 0.022635 0.006360 -0.011185 -0.231471 0.972757
458 1636686237.498728 -5.051828 -2.508484 0.026310 0.005572 -0.011484 -0.248747 0.968484
459 1636686237.801309 -4.877584 -2.169022 0.027261 0.003504 -0.012104 -0.269457 0.962930
460 1636686238.104111 -4.680004 -1.859103 0.031452 0.003607 -0.012336 -0.297669 0.954583
461 1636686238.406445 -4.476531 -1.582766 0.040970 0.003902 -0.012283 -0.335944 0.941794
