3 0 -0.001590 -0.006520 0.003580 4.371000
3 1 -0.003504 -0.006575 0.002001 4.388000
3 2 -0.009262 -0.007061 -0.000188 4.404000
3 3 -0.012565 -0.010395 -0.003066 4.369000
3 4 -0.011258 -0.012303 -0.003192 4.381000
3 5 -0.012950 -0.010381 -0.003028 4.346000
3 6 -0.015721 -0.013054 -0.004329 4.404000
3 7 -0.016832 -0.013715 -0.004632 4.378000
3 8 -0.017328 -0.013356 -0.004767 4.385000
3 9 -0.018262 -0.015937 -0.005386 4.392000
3 10 -0.020109 -0.017889 -0.005289 4.406000
3 12 -0.020313 -0.018397 -0.006586 4.385000
3 13 -0.021278 -0.017768 -0.006648 4.376000
3 14 -0.021679 -0.015773 -0.007541 4.357000
3 15 -0.021245 -0.017623 -0.007860 4.390000
3 16 -0.022328 -0.017366 -0.008746 4.385000
3 17 -0.022569 -0.017139 -0.007712 4.385000
3 18 -0.022204 -0.015426 -0.008851 4.355000
3 19 -0.022632 -0.013240 -0.008713 4.392000
3 20 -0.021596 -0.011485 -0.008298 4.374000
3 21 -0.021731 -0.010863 -0.008225 4.351000
3 22 -0.021806 -0.013021 -0.007306 4.392000
3 23 -0.021572 -0.011738 -0.008142 4.374000
3 25 -0.022862 -0.012160 -0.008956 4.390000
3 26 -0.021001 -0.011241 -0.008041 4.397000
3 27 -0.021434 -0.012655 -0.008361 4.378000
3 28 -0.021165 -0.013823 -0.009147 4.385000
3 29 -0.022108 -0.013719 -0.008971 4.381000
3 30 -0.021826 -0.013493 -0.009514 4.395000
3 31 -0.022081 -0.014558 -0.008608 4.381000
3 32 -0.021832 -0.012289 -0.009302 4.337000
3 33 -0.022306 -0.012600 -0.009021 4.355000
3 34 -0.022631 -0.012213 -0.008654 4.392000
3 35 -0.021697 -0.011853 -0.010573 4.381000
3 36 -0.022665 -0.010686 -0.009131 4.346000
3 37 -0.021647 -0.011151 -0.009209 4.388000
3 38 -0.022352 -0.012441 -0.008309 4.411000
3 39 -0.022681 -0.009905 -0.008144 4.364000
3 40 -0.022163 -0.011437 -0.007092 4.385000
3 41 -0.023150 -0.010814 -0.009175 4.376000
3 42 -0.022982 -0.010714 -0.008410 4.401000
3 43 -0.023826 -0.010591 -0.008066 4.344000
3 44 -0.023728 -0.011256 -0.008440 4.385000
3 45 -0.023192 -0.009004 -0.007643 4.364000
3 46 -0.022800 -0.010963 -0.008651 4.374000
3 47 -0.022818 -0.010813 -0.008402 4.418000
3 48 -0.023828 -0.010448 -0.008854 4.374000
3 49 -0.024943 -0.011368 -0.008133 4.413000
3 50 -0.024798 -0.010684 -0.007365 4.399000
3 51 -0.025889 -0.009496 -0.009667 4.383000
3 52 -0.026172 -0.007886 -0.010420 4.390000
3 53 -0.025502 -0.009665 -0.011412 4.362000
3 54 -0.026495 -0.009480 -0.011965 4.353000
3 55 -0.025525 -0.010839 -0.011215 4.390000
3 57 -0.026077 -0.009177 -0.009681 4.341000
3 58 -0.025957 -0.009889 -0.010558 4.413000
3 59 -0.026993 -0.009064 -0.010136 4.337000
3 60 -0.027365 -0.009363 -0.010838 4.395000
3 61 -0.026341 -0.009415 -0.010593 4.406000
3 62 -0.025784 -0.008378 -0.010220 4.408000
3 64 -0.026380 -0.008038 -0.008666 4.385000
3 65 -0.027000 -0.008739 -0.009693 4.364000
3 66 -0.028024 -0.009252 -0.009699 4.353000
3 67 -0.026792 -0.007600 -0.007485 4.395000
3 68 -0.027167 -0.007264 -0.007333 4.362000
3 70 -0.026896 -0.008475 -0.007459 4.390000
3 71 -0.027178 -0.007480 -0.008197 4.346000
3 72 -0.027284 -0.005871 -0.008474 4.348000
3 73 -0.027519 -0.007523 -0.007096 4.390000
3 74 -0.027318 -0.006228 -0.006812 4.360000
3 75 -0.026778 -0.006410 -0.004412 4.401000
3 76 -0.026394 -0.007741 -0.005223 4.404000
3 77 -0.026949 -0.007343 -0.004996 4.332000
3 78 -0.026311 -0.005986 -0.006499 4.351000
3 79 -0.025850 -0.006565 -0.005323 4.376000
3 80 -0.025486 -0.006515 -0.006754 4.408000
3 82 -0.026572 -0.006250 -0.004940 4.369000
3 83 -0.026791 -0.006677 -0.005205 4.392000
3 84 -0.027761 -0.005642 -0.004043 4.399000
3 85 -0.026840 -0.005560 -0.004210 4.385000
3 86 -0.027836 -0.005603 -0.004200 4.376000
3 87 -0.026878 -0.006138 -0.003868 4.408000
3 88 -0.028050 -0.006442 -0.003847 4.357000
3 89 -0.027652 -0.006607 -0.002830 4.364000
3 90 -0.028082 -0.005888 -0.002678 4.406000
3 91 -0.027527 -0.006513 -0.002735 4.378000
3 92 -0.027651 -0.006909 -0.002326 4.346000
3 93 -0.029444 -0.008450 -0.002140 4.395000
3 94 -0.028361 -0.008413 -0.003290 4.369000
3 96 -0.027974 -0.008245 -0.000032 4.355000
3 97 -0.028775 -0.007253 -0.001353 4.360000
3 99 -0.034481 -0.011868 -0.004722 4.397000
3 100 -0.034502 -0.014669 -0.007970 4.357000
3 103 0.186819 -0.055836 -0.003478 4.450000
3 104 0.305773 -0.088286 0.001970 4.422000
3 109 0.992352 -0.621859 0.028464 4.728000
3 110 1.065609 -0.724342 0.039950 4.896000
3 111 1.144439 -0.849247 0.056316 4.820000
3 112 1.198475 -0.949325 0.070916 4.970000
3 113 1.273840 -1.106495 0.093026 5.121000
3 114 1.342797 -1.358848 0.127814 5.297000
3 115 1.365255 -1.528590 0.159044 5.408000
3 116 1.372710 -1.711608 0.190071 5.650000
3 117 1.385887 -1.961691 0.221345 5.791000
3 124 1.236796 -3.976264 0.171255 10.860000
3 125 1.193179 -4.366759 0.135712 9.607000
3 126 1.139736 -4.856579 0.118793 11.193000
3 146 0.131248 -11.257172 0.025109 14.735000
3 148 -0.007674 -11.733834 0.015927 15.200000
3 150 -0.211725 -12.343959 0.008728 15.839000
3 151 -0.294285 -12.559266 0.004858 16.082001
3 152 -0.375521 -12.782724 -0.004956 16.353001
3 153 -0.462460 -12.996179 -0.015117 16.488001
3 155 -0.677346 -13.497620 -0.027656 16.997000
3 156 -0.774155 -13.709125 -0.026131 17.295000
3 158 -0.976328 -14.134926 -0.036716 17.686001
3 161 -1.367173 -14.829791 -0.057756 18.368000
3 163 -1.662621 -15.287716 -0.074795 18.851000
3 168 -2.600609 -16.403916 -0.102079 20.120001
3 184 -6.346282 -18.078690 -0.129127 22.695999
3 186 -6.896790 -18.147610 -0.130319 22.968000
3 187 -7.176846 -18.181897 -0.130656 23.322001
3 188 -7.322608 -18.197748 -0.129559 23.437000
3 189 -7.462445 -18.211969 -0.128958 23.570999
3 190 -7.650833 -18.235265 -0.129041 23.700001
3 191 -7.886109 -18.257434 -0.125195 23.833000
3 201 -10.826810 -18.346202 -0.147134 24.955999
3 203 -11.290891 -18.338320 -0.150705 25.027000
3 204 -11.531687 -18.333735 -0.148163 25.077999
3 209 -13.151569 -18.249780 -0.132305 25.900999
3 210 -13.415151 -18.233096 -0.132300 26.042000
3 211 -13.770786 -18.207669 -0.127519 26.202999
3 212 -14.029089 -18.182380 -0.124675 26.434999
3 213 -14.284161 -18.151111 -0.116731 26.507000
3 214 -14.613051 -18.088871 -0.119330 26.648001
3 215 -14.928857 -18.018761 -0.121636 26.799999
3 216 -15.225605 -17.938325 -0.123996 26.966000
3 217 -15.434117 -17.856963 -0.120281 27.048000
3 218 -15.635060 -17.786124 -0.115010 27.106001
3 219 -15.824804 -17.702499 -0.114581 27.235001
3 220 -16.064133 -17.578807 -0.124106 27.256001
3 221 -16.220584 -17.472262 -0.125104 27.315001
3 222 -16.418116 -17.319312 -0.130455 27.240000
3 223 -16.606268 -17.146543 -0.132701 27.337999
3 241 -17.309309 -11.692671 -0.044783 23.836000
3 242 -17.308695 -11.407803 -0.037825 23.629000
3 243 -17.311883 -11.026235 -0.022908 23.414000
3 244 -17.316154 -10.746361 -0.019258 23.313000
3 245 -17.320123 -10.280933 -0.019252 23.066999
3 246 -17.322365 -10.003517 -0.025666 22.933001
3 247 -17.328915 -9.728597 -0.027828 22.652000
3 248 -17.330392 -9.367768 -0.024638 22.504000
3 249 -17.335864 -9.108622 -0.020330 22.333000
3 250 -17.339554 -8.840974 -0.008178 22.271999
3 251 -17.343908 -8.576990 -0.005825 22.089001
3 252 -17.344414 -8.318006 -0.005158 21.913000
3 253 -17.347645 -8.061281 0.001991 21.915001
3 254 -17.339677 -7.713591 0.005968 21.590000
3 255 -17.338562 -7.456134 0.004176 21.448999
3 256 -17.338990 -7.105491 0.006323 21.400000
3 257 -17.339946 -6.832101 0.009421 21.229000
3 258 -17.332048 -6.462934 0.017248 21.097000
3 259 -17.324281 -6.184155 0.027510 20.907000
3 260 -17.323402 -5.815200 0.040844 20.712999
3 261 -17.316821 -5.537442 0.060406 20.677999
3 262 -17.321193 -5.268441 0.067794 20.645000
3 263 -17.312045 -4.886588 0.075407 20.361000
3 264 -17.304723 -4.517205 0.075976 20.271999
3 265 -17.295640 -4.238919 0.066639 20.094000
3 266 -17.286443 -3.964372 0.070821 20.247999
3 267 -17.276534 -3.683367 0.073343 20.049000
3 268 -17.259693 -3.310342 0.075543 19.780001
3 269 -17.249166 -3.034090 0.085905 19.768000
3 270 -17.231021 -2.758061 0.087911 19.676001
3 271 -17.217459 -2.483251 0.097214 19.636999
3 272 -17.199843 -2.227870 0.102078 19.410999
3 273 -17.177479 -1.859441 0.107917 19.320000
3 274 -17.157395 -1.500323 0.116337 19.348000
3 275 -17.137249 -1.135608 0.122392 19.114000
3 276 -17.099465 -0.670735 0.126799 18.952000
3 277 -17.070057 -0.391388 0.124692 18.827999
3 278 -17.034699 -0.025164 0.130787 18.914000
3 279 -17.007122 0.243634 0.143833 18.719999
3 280 -16.968193 0.588592 0.158239 18.579000
3 281 -16.921718 0.845997 0.151193 18.598000
3 282 -16.893950 1.069349 0.149272 18.488001
3 284 -16.776838 1.697569 0.164929 18.330999
3 285 -16.706392 2.013230 0.181410 18.292999
3 286 -16.621792 2.307834 0.183146 18.281000
3 288 -16.482914 2.769197 0.190571 17.993000
3 289 -16.386558 3.017974 0.191977 17.988001
3 290 -16.306888 3.209238 0.184692 17.833000
3 291 -16.195085 3.471551 0.183651 17.816000
3 292 -16.120993 3.606735 0.182156 17.604000
3 293 -15.978932 3.844379 0.183370 17.511999
3 294 -15.828426 4.086634 0.197206 17.420000
3 295 -15.709488 4.255761 0.212742 17.233000
3 296 -15.533855 4.479558 0.216523 17.136999
3 297 -15.399183 4.635262 0.222763 16.952999
3 298 -15.201118 4.828274 0.232055 16.716999
3 299 -15.044561 4.958207 0.230632 16.714001
3 300 -14.821481 5.128621 0.232734 16.540001
3 301 -14.568364 5.286740 0.237428 16.346001
3 302 -14.369652 5.394878 0.245311 16.181000
3 318 -10.304918 5.203471 0.247573 12.181000
3 320 -9.925304 4.887332 0.240823 11.691000
3 321 -9.728949 4.682789 0.237418 11.480000
3 322 -9.599600 4.537408 0.234634 11.297000
3 323 -9.424967 4.297601 0.230099 11.082000
3 324 -9.270719 4.070027 0.232639 10.860000
3 325 -9.172486 3.886931 0.226650 10.717000
3 326 -9.042412 3.566645 0.220428 10.627000
3 327 -8.981487 3.363945 0.219865 10.539000
3 328 -8.925420 3.161622 0.218268 10.437000
3 329 -8.877117 2.885979 0.219969 10.462000
3 332 -8.868089 1.935348 0.201630 10.911000
3 333 -8.917177 1.440509 0.187602 10.569000
3 345 -9.242196 -3.423976 0.115025 12.479000
3 346 -9.263313 -3.717966 0.114381 12.657000
3 347 -9.302886 -4.218429 0.106962 13.006000
3 348 -9.339374 -4.642524 0.095723 13.309000
3 349 -9.374784 -5.081402 0.087019 13.592000
3 350 -9.406577 -5.516309 0.082698 13.786000
3 351 -9.431873 -5.948157 0.077005 14.128000
3 358 -9.571732 -8.909733 0.027006 16.424000
3 359 -9.586239 -9.207896 0.021661 16.488001
3 360 -9.599091 -9.727894 0.019234 16.884001
3 361 -9.605210 -10.136892 0.012680 17.254999
3 362 -9.606469 -10.458808 0.003879 17.518999
3 363 -9.611802 -11.044494 -0.001835 17.993000
3 364 -9.607942 -11.545966 -0.011758 18.372999
3 365 -9.602485 -11.850529 -0.015271 18.572001
3 366 -9.590172 -12.150791 -0.016928 18.783001
3 367 -9.560858 -12.722949 -0.030089 19.299000
3 368 -9.515272 -13.248229 -0.040751 19.681000
3 369 -9.452175 -13.757513 -0.052623 20.075001
3 370 -9.386936 -14.109236 -0.056668 20.344999
3 371 -9.326803 -14.422699 -0.062225 20.566999
3 372 -9.282704 -14.601456 -0.063772 20.771000
3 373 -9.196851 -14.939133 -0.072787 20.926001
3 384 -7.927491 -17.472863 -0.103540 22.903000
3 385 -7.706058 -17.702039 -0.106308 22.993999
3 386 -7.572088 -17.831742 -0.109265 23.156000
3 387 -7.431187 -17.953653 -0.111246 22.993999
3 388 -7.283909 -18.069246 -0.113982 23.115999
3 389 -6.978147 -18.278438 -0.116910 23.077999
3 398 -4.697856 -19.113911 -0.130810 24.438000
3 400 -4.149595 -19.199586 -0.131372 24.084000
3 404 -2.630419 -19.126419 -0.118853 23.830999
3 410 -1.279513 -18.184030 -0.091759 21.740000
3 411 -1.139677 -17.878143 -0.080739 21.430000
3 412 -1.063024 -17.558502 -0.077202 21.093000
3 413 -1.021520 -17.194465 -0.074568 20.688999
3 415 -1.038894 -16.443656 -0.072005 20.007000
3 416 -1.051635 -16.233093 -0.073305 19.747000
3 417 -1.061297 -16.025333 -0.077145 19.563999
3 419 -1.058861 -15.281911 -0.058109 18.860001
3 421 -1.040141 -14.531807 -0.052284 18.103001
3 422 -1.026923 -14.235405 -0.047141 17.722000
3 423 -1.003076 -13.794476 -0.040719 17.302000
3 424 -0.976244 -13.390702 -0.035151 16.905001
3 425 -0.955933 -13.073848 -0.034029 16.566000
3 426 -0.941155 -12.838867 -0.023522 16.351000
3 427 -0.911316 -12.515326 -0.016641 16.021000
3 428 -0.859744 -12.087376 -0.011445 15.598000
3 429 -0.809678 -11.597440 -0.001084 15.103000
3 430 -0.732166 -10.986770 0.006583 14.475000
3 431 -0.677353 -10.590573 0.008156 14.088000
3 432 -0.618227 -10.140239 0.014046 13.603000
3 433 -0.544824 -9.600709 0.024641 13.136000
3 434 -0.503677 -9.258343 0.028401 12.798000
3 435 -0.451366 -8.896911 0.033864 12.431000
3 436 -0.415157 -8.628820 0.041471 12.197000
3 437 -0.360928 -8.156994 0.047506 11.737000
3 438 -0.288954 -7.693299 0.049949 11.290000
3 439 -0.224050 -7.354213 0.056793 10.923000
