1600239135.827541 0.000000 0.000000 0.000000 -0.014457 0.003322 0.000001 0.999890
1600239136.327793 0.000000 0.000000 0.000000 -0.014457 0.003322 0.000001 0.999890
1600239136.828098 0.000000 0.000000 0.000000 -0.014457 0.003322 0.000001 0.999890
1600239137.328413 -0.000276 -0.000963 0.000114 -0.014391 0.003367 -0.000027 0.999891
1600239137.829281 0.000208 -0.000861 0.000960 -0.014449 0.003425 0.000072 0.999890
1600239153.727425 0.001991 -0.000246 -0.005021 -0.014078 0.003310 0.000228 0.999895
1600239172.017569 2.052066 0.021237 -0.032098 -0.014386 0.006281 0.008303 0.999842
1600239173.217261 4.171632 0.087108 -0.075689 -0.012230 0.002807 0.021208 0.999696
1600239173.916645 6.213704 0.206697 -0.106281 -0.011445 0.004271 0.033154 0.999376
1600239174.516490 8.291735 0.360149 -0.143195 -0.012369 0.003484 0.040015 0.999116
1600239175.116344 10.641807 0.518385 -0.174491 -0.012751 0.003318 0.038362 0.999177
1600239175.616673 12.684497 0.637273 -0.202951 -0.013479 0.005644 0.034813 0.999287
1600239176.116976 14.731628 0.739806 -0.232583 -0.013236 0.006445 0.031425 0.999398
1600239176.615972 16.758276 0.823292 -0.262292 -0.012601 0.005723 0.028157 0.999508
1600239177.114960 18.782200 0.899360 -0.287544 -0.012386 0.004580 0.026630 0.999558
1600239177.714811 21.181250 0.989817 -0.309299 -0.012792 0.003539 0.025683 0.999582
1600239178.215136 23.232037 1.068517 -0.332397 -0.013286 0.003094 0.025345 0.999586
1600239178.715447 25.249710 1.150898 -0.354027 -0.013102 0.001761 0.025897 0.999577
1600239179.315316 27.602032 1.249132 -0.370931 -0.012193 0.001113 0.026745 0.999567
1600239179.815629 29.630701 1.338846 -0.388796 -0.013000 0.002685 0.026911 0.999550
1600239180.314609 31.666454 1.423968 -0.413427 -0.012451 0.003556 0.027205 0.999546
1600239180.814931 33.809792 1.519348 -0.439869 -0.012542 0.002255 0.027648 0.999536
1600239181.315244 36.097340 1.632091 -0.467674 -0.012275 0.003268 0.029034 0.999498
1600239181.815572 38.400696 1.733733 -0.497177 -0.009168 0.004038 0.028702 0.999538
1600239182.314568 40.718048 1.831295 -0.533713 -0.009349 0.004959 0.026924 0.999581
1600239182.814878 43.067017 1.923444 -0.556430 -0.011217 0.003148 0.024441 0.999633
1600239183.315187 45.487186 2.009113 -0.582509 -0.009902 0.002283 0.022264 0.999700
1600239183.815517 47.928200 2.092867 -0.613889 -0.009273 0.004996 0.021609 0.999711
1600239184.315841 50.349785 2.170792 -0.636416 -0.009322 0.001594 0.020971 0.999735
1600239184.814823 52.818478 2.241020 -0.649022 -0.009147 0.002350 0.020092 0.999754
1600239185.315134 55.280888 2.308963 -0.661121 -0.009122 0.001612 0.020443 0.999748
1600239185.814129 57.653721 2.388520 -0.672226 -0.009738 0.001857 0.023704 0.999670
1600239186.314442 60.057995 2.490233 -0.687214 -0.009486 0.003144 0.027314 0.999577
1600239186.814768 62.449558 2.611603 -0.703181 -0.009839 0.001993 0.031330 0.999459
1600239187.313750 64.837791 2.749309 -0.720184 -0.009530 0.002192 0.035190 0.999333
1600239187.814071 67.154846 2.899699 -0.744279 -0.008389 0.002211 0.039450 0.999184
1600239188.314390 69.389694 3.057019 -0.777063 -0.005531 0.002766 0.043726 0.999024
1600239188.814708 71.576889 3.230615 -0.812458 -0.003500 0.004676 0.047431 0.998857
1600239189.315021 73.642769 3.405359 -0.846651 -0.002638 0.004493 0.049298 0.998771
1600239189.815348 75.638756 3.576581 -0.880755 -0.002860 0.004205 0.048463 0.998812
1600239190.415201 77.993721 3.779197 -0.918120 -0.004584 0.005564 0.047714 0.998835
1600239191.015046 80.220329 3.963980 -0.960142 -0.004360 0.007903 0.047311 0.998839
1600239191.614901 82.333839 4.128147 -1.001701 -0.001616 0.011972 0.046816 0.998830
1600239192.315615 84.460197 4.294283 -1.039058 -0.001162 0.009770 0.046185 0.998884
1600239193.114523 86.624222 4.458196 -1.077523 -0.000122 0.008844 0.045897 0.998907
1600239194.014337 88.847839 4.629927 -1.123278 0.000712 0.010467 0.047219 0.998829
1600239194.914071 90.891579 4.819443 -1.145743 0.000458 0.005042 0.053403 0.998560
1600239195.912055 92.998055 5.107440 -1.168136 0.000484 0.003611 0.073621 0.997280
1600239197.012222 95.012794 5.506961 -1.187859 0.000817 0.004479 0.101250 0.994851
1600239198.211922 97.010414 6.055671 -1.199809 0.000165 -0.001616 0.135523 0.990773
1600239199.410298 98.885872 6.848398 -1.205675 -0.000326 -0.008831 0.196068 0.980550
1600239200.709534 100.698868 8.029844 -1.195199 0.000246 -0.006933 0.286607 0.958023
1600239202.007458 102.138306 9.593115 -1.179221 0.000769 -0.005181 0.399924 0.916533
1600239203.207145 103.106903 11.380051 -1.169046 0.000149 -0.004788 0.504726 0.863267
1600239204.406846 103.794044 13.421193 -1.158676 0.000156 -0.004272 0.583739 0.811930
1600239205.507013 104.173203 15.524633 -1.147955 0.000048 -0.004275 0.639850 0.768488
1600239206.506326 104.357613 17.578531 -1.129122 -0.000268 -0.005665 0.675040 0.737759
1600239207.506957 104.421112 19.706728 -1.116968 -0.001352 -0.005812 0.697850 0.716219
1600239208.507593 104.444008 21.890032 -1.113196 -0.000671 -0.005195 0.706354 0.707839
1600239209.508230 104.431267 24.104401 -1.106996 -0.000464 -0.004690 0.712075 0.702088
1600239210.409334 104.412674 26.143026 -1.096067 -0.000753 -0.005948 0.713674 0.700452
1600239211.309112 104.408760 28.174326 -1.083829 -0.000330 -0.005443 0.713455 0.700679
1600239212.210209 104.416252 30.227522 -1.067430 -0.000324 -0.005363 0.712387 0.701766
1600239213.109990 104.438248 32.291351 -1.050376 0.000055 -0.005373 0.709376 0.704810
1600239214.009760 104.465576 34.363155 -1.037262 0.000209 -0.005242 0.707833 0.706360
1600239214.909543 104.486794 36.434021 -1.026898 0.001203 -0.005043 0.709239 0.704949
1600239215.807992 104.479477 38.486458 -1.012117 0.001514 -0.004869 0.713609 0.700526
1600239216.707765 104.424751 40.559990 -0.993796 0.002760 -0.004756 0.720582 0.693348
1600239217.607555 104.331924 42.614056 -0.981202 0.002097 -0.005721 0.726859 0.686759
1600239218.507322 104.235046 44.708042 -0.977995 -0.000319 -0.005927 0.727386 0.686203
1600239219.407093 104.160614 46.773769 -0.973693 -0.000339 -0.005245 0.725354 0.688356
1600239220.306870 104.061867 48.867111 -0.965896 -0.000692 -0.006146 0.728115 0.685427
1600239221.205362 103.917732 50.971073 -0.954861 -0.002964 -0.004248 0.736117 0.676834
1600239222.105114 103.782677 53.094463 -0.947032 -0.000809 -0.005724 0.733128 0.680066
1600239223.006198 103.722435 55.237206 -0.934026 -0.000196 -0.005690 0.722426 0.691425
1600239223.905993 103.702797 57.363510 -0.925249 -0.001474 -0.005081 0.715327 0.698770
1600239224.805775 103.752136 59.510380 -0.914779 -0.000583 -0.003587 0.706007 0.708195
1600239225.705530 103.862534 61.640621 -0.916901 0.000630 -0.003136 0.695899 0.718133
1600239226.605319 104.006165 63.773300 -0.919539 0.002037 -0.003356 0.690738 0.723095
1600239227.505101 104.138290 65.904053 -0.914858 0.001585 -0.003097 0.690566 0.723261
1600239228.403570 104.263107 68.011192 -0.903477 0.002511 -0.003226 0.691371 0.722489
1600239229.303320 104.386589 70.130554 -0.886943 0.002981 -0.003197 0.692398 0.721503
1600239230.203079 104.521133 72.261612 -0.870866 0.003761 -0.002126 0.690637 0.723188
1600239231.101555 104.691719 74.392723 -0.859877 0.003833 0.000052 0.684759 0.728760
1600239232.001315 104.903191 76.521103 -0.849088 0.003577 0.000509 0.678211 0.734859
1600239232.902413 105.143974 78.672226 -0.837379 0.004807 0.000853 0.674487 0.738270
1600239233.802188 105.391541 80.829819 -0.826474 0.004236 0.001533 0.673162 0.739481
1600239234.601130 105.608284 82.827682 -0.819313 0.004919 0.001210 0.673426 0.739237
1600239235.401346 105.837273 85.046692 -0.814556 0.006919 -0.001346 0.675300 0.737510
1600239236.102067 106.043556 87.167755 -0.805551 0.005027 0.000713 0.678919 0.734196
1600239236.801447 106.201729 89.381203 -0.801885 0.004872 0.000742 0.686698 0.726926
1600239237.401295 106.288818 91.380188 -0.798101 0.004757 0.000176 0.695847 0.718174
1600239238.001154 106.324295 93.542694 -0.793197 0.005687 -0.000516 0.705713 0.708474
1600239238.600997 106.305389 95.838921 -0.783403 0.005705 -0.000277 0.714712 0.699395
1600239239.200858 106.229782 98.246414 -0.776809 0.005134 0.000234 0.722568 0.691281
1600239239.701166 106.132698 100.386314 -0.769096 0.004960 -0.000665 0.727407 0.686189
1600239240.201506 106.020226 102.571602 -0.759680 0.004536 -0.001565 0.728816 0.684693
1600239240.703125 105.923798 104.799828 -0.756267 0.005618 0.000388 0.728803 0.684701
1600239241.203445 105.818176 107.017715 -0.754981 0.002867 -0.000165 0.728712 0.684815
1600239241.703763 105.721550 109.178253 -0.754062 0.002685 0.000456 0.728591 0.684943
1600239242.202757 105.621391 111.348091 -0.749815 0.002840 -0.000116 0.728788 0.684734
1600239242.703089 105.523819 113.460442 -0.741904 0.003567 -0.000548 0.729379 0.684101
1600239243.203388 105.421638 115.535980 -0.732037 0.003919 -0.000631 0.729878 0.683566
1600239243.703743 105.312920 117.599678 -0.724247 0.003113 -0.000364 0.730529 0.682875
1600239244.303568 105.179665 119.991783 -0.717598 0.003217 -0.000814 0.731073 0.682291
1600239244.903423 105.040352 122.332962 -0.715666 0.002178 -0.000218 0.732429 0.680840
1600239245.503260 104.894241 124.673805 -0.713757 0.001756 -0.000035 0.734184 0.678949
1600239246.103115 104.752579 126.864349 -0.709280 0.002641 0.000796 0.735940 0.677042
1600239246.702978 104.608566 128.892670 -0.702730 0.004880 0.000737 0.738248 0.674512
1600239247.302811 104.432610 130.897522 -0.697601 0.004694 0.000828 0.741978 0.670407
1600239248.002198 104.206436 133.145432 -0.696290 0.006146 0.002063 0.747058 0.664727
1600239248.702905 103.934113 135.339844 -0.687634 0.005174 0.001975 0.752926 0.658081
1600239249.402292 103.632668 137.506454 -0.676775 0.005196 0.002014 0.758590 0.651545
1600239250.103031 103.308266 139.641327 -0.662397 0.005886 0.000801 0.762930 0.646454
1600239250.802391 102.934746 141.936462 -0.651268 0.004591 -0.000213 0.766303 0.642463
1600239251.402237 102.584007 144.054626 -0.644394 0.003387 -0.000517 0.767066 0.641559
1600239252.002093 102.224930 146.296188 -0.640287 0.003555 -0.000115 0.765920 0.642927
1600239252.502415 101.918442 148.299393 -0.636504 0.002848 0.000443 0.764060 0.645138
1600239253.002754 101.627380 150.340561 -0.632954 0.002644 0.000332 0.760832 0.648943
1600239253.503077 101.346992 152.457764 -0.627200 0.002311 -0.000565 0.756787 0.653657
1600239254.003361 101.090210 154.601532 -0.629823 0.001247 -0.000772 0.752486 0.658606
1600239254.503682 100.851051 156.828949 -0.637372 0.000666 -0.001493 0.748386 0.663261
1600239255.003996 100.634506 159.119766 -0.646887 -0.000769 -0.001992 0.744173 0.667983
1600239255.502993 100.448296 161.438141 -0.655032 -0.000241 -0.004121 0.739751 0.672868
1600239255.903782 100.312332 163.450607 -0.658786 0.000562 -0.004461 0.736699 0.676206
1600239256.303258 100.176338 165.612686 -0.664217 0.000101 -0.003927 0.734538 0.678556
1600239256.702698 100.044151 167.870895 -0.672958 -0.002132 -0.000665 0.732615 0.680640
1600239257.103476 99.921295 170.120972 -0.682335 -0.002165 -0.001094 0.730888 0.682493
1600239257.502933 99.814140 172.358093 -0.692623 -0.001876 -0.000536 0.728962 0.684551
1600239257.903723 99.717148 174.643860 -0.704792 -0.001998 0.000591 0.727387 0.686224
1600239258.303180 99.632507 176.786652 -0.715699 -0.001576 0.001525 0.726911 0.686729
1600239258.803498 99.531502 179.254120 -0.726555 -0.001996 0.001344 0.726680 0.686972
1600239259.302491 99.430817 181.606079 -0.735644 -0.002400 0.000134 0.727144 0.686481
1600239259.802803 99.337746 183.762939 -0.741141 -0.001718 0.001129 0.727949 0.685628
1600239260.402656 99.226341 185.972260 -0.743322 -0.001758 -0.001285 0.728743 0.684784
1600239261.103369 99.135155 188.044250 -0.752115 -0.002055 0.000287 0.728338 0.685215
1600239262.003143 99.051178 190.128586 -0.776214 -0.001761 0.002067 0.728035 0.685534
1600239263.103317 98.963509 192.209290 -0.800743 -0.001334 0.001327 0.728117 0.685450
1600239264.503407 98.866264 194.328735 -0.814301 -0.000861 0.000620 0.728571 0.684970
1600239266.103911 98.760941 196.394791 -0.815856 -0.000834 0.000316 0.729646 0.683824
1600239269.107144 98.671989 198.416000 -0.845173 -0.000364 -0.000681 0.730546 0.682863
1600239291.314894 98.556953 200.491165 -0.853521 -0.000273 -0.000404 0.730309 0.683117
1600239292.915397 98.444206 202.589752 -0.859711 0.000313 -0.001997 0.731145 0.682219
1600239293.914693 98.306816 204.827011 -0.862115 -0.000125 -0.002464 0.733085 0.680132
1600239294.616064 98.165436 206.876663 -0.859471 0.000150 -0.002566 0.735282 0.677756
1600239295.314791 97.974411 209.218216 -0.863726 -0.001636 -0.001502 0.739337 0.673332
1600239295.915689 97.782410 211.271088 -0.864328 -0.002386 -0.001966 0.742599 0.669729
1600239296.615353 97.535210 213.599686 -0.858623 -0.002009 -0.002761 0.748638 0.662970
1600239297.315307 97.187675 215.894211 -0.858243 -0.002155 -0.002772 0.763783 0.645463
1600239298.014538 96.670830 218.093048 -0.860946 -0.001860 -0.005368 0.787586 0.616178
1600239298.712176 95.959061 220.196625 -0.860772 -0.002537 -0.006693 0.815045 0.579353
1600239299.411557 95.032486 222.236374 -0.858675 -0.002045 -0.004977 0.844363 0.535745
1600239300.011409 94.006035 223.959259 -0.850806 0.000486 -0.004760 0.871822 0.489800
1600239300.611289 92.751701 225.616776 -0.832588 0.003460 -0.003256 0.898881 0.438167
1600239301.209819 91.293854 227.099213 -0.814481 0.003299 -0.003279 0.923706 0.383074
1600239301.809638 89.643333 228.428040 -0.802889 0.002807 -0.005502 0.943632 0.330939
1600239302.409489 87.831787 229.603973 -0.784040 0.003902 -0.008278 0.958877 0.283676
1600239303.010664 85.907921 230.639481 -0.767604 0.005520 -0.012193 0.969310 0.245478
1600239303.610515 83.916115 231.587708 -0.747460 0.004676 -0.009024 0.976437 0.215561
1600239304.210366 81.842026 232.447357 -0.730274 0.004902 -0.000432 0.982462 0.186395
1600239304.810216 79.713249 233.163986 -0.710715 0.005301 0.005749 0.988360 0.151933
1600239305.410074 77.527359 233.703262 -0.684072 0.005892 0.007471 0.993408 0.114236
1600239306.009954 75.291588 234.063614 -0.658073 0.004639 0.006923 0.997036 0.076490
1600239306.609774 73.006973 234.280991 -0.634510 0.005649 0.006253 0.998909 0.045927
1600239307.209701 70.593376 234.409332 -0.614375 0.005364 0.005877 0.999614 0.026631
1600239307.709944 68.515144 234.492081 -0.599558 0.005073 0.006938 0.999778 0.019243
1600239308.210260 66.340324 234.549332 -0.592217 0.002830 0.005128 0.999901 0.012788
1600239308.710577 64.150177 234.614227 -0.585709 0.005328 0.003775 0.999898 0.012684
1600239309.210910 61.805237 234.705811 -0.572219 0.005366 0.004131 0.999874 0.014372
1600239309.711215 59.337803 234.812195 -0.557210 0.005568 0.003221 0.999824 0.017610
1600239310.110673 57.280834 234.923294 -0.542816 0.005753 0.003453 0.999743 0.021636
1600239310.511458 55.185371 235.056580 -0.531147 0.005240 0.003474 0.999634 0.026327
1600239310.910917 52.991936 235.218689 -0.515423 0.007264 0.003959 0.999472 0.031413
1600239311.311703 50.674644 235.407333 -0.502366 0.004945 0.004322 0.999332 0.035963
1600239311.711163 48.381817 235.615036 -0.489764 0.005641 0.003837 0.999147 0.040730
1600239312.111947 46.049244 235.848541 -0.478696 0.004186 0.003879 0.998952 0.045420
1600239312.511408 43.696640 236.100967 -0.474149 0.003853 0.004030 0.998828 0.048068
1600239312.910901 41.360012 236.363876 -0.466358 0.003882 0.003567 0.998705 0.050594
1600239313.311650 39.127522 236.633179 -0.453178 0.005026 0.004860 0.998591 0.052599
1600239313.711108 36.902313 236.903290 -0.440385 0.004744 0.004457 0.998489 0.054558
1600239314.110568 34.674114 237.181396 -0.424645 0.005335 0.004563 0.998372 0.056611
1600239314.510025 32.474182 237.463165 -0.408026 0.005108 0.004678 0.998243 0.058848
1600239314.909483 30.326252 237.746475 -0.391551 0.006080 0.005009 0.998105 0.061031
1600239315.308949 28.203169 238.041550 -0.370825 0.005721 0.006101 0.997963 0.063240
1600239315.709728 26.103632 238.337601 -0.353461 0.004869 0.004818 0.997826 0.065541
1600239316.109185 24.045151 238.639450 -0.333750 0.004828 0.005121 0.997694 0.067499
1600239316.508651 22.007223 238.947769 -0.312779 0.004523 0.005292 0.997544 0.069689
1600239316.908125 19.989712 239.261139 -0.294421 0.003835 0.005529 0.997472 0.070746
1600239317.307584 18.008081 239.572632 -0.278776 0.004363 0.005936 0.997386 0.071887
1600239317.807925 15.550127 239.960281 -0.259288 0.006620 0.005751 0.997301 0.072892
1600239318.306922 13.130746 240.346924 -0.241562 0.004747 0.006637 0.997353 0.072257
1600239318.807192 10.719923 240.710648 -0.231000 0.002563 0.006146 0.997612 0.068747
1600239319.306194 8.395741 241.035461 -0.219375 0.003189 0.006260 0.997915 0.064155
1600239319.805172 6.261990 241.306961 -0.207004 0.002541 0.006367 0.998247 0.058793
1600239320.405026 3.955051 241.564621 -0.190365 0.003821 0.006275 0.998772 0.048991
1600239321.004874 1.951469 241.716049 -0.179358 0.003965 0.006259 0.999419 0.033255
1600239321.704259 -0.202447 241.751755 -0.177259 0.001123 0.003248 0.999977 0.005762
1600239322.402316 -2.188118 241.668915 -0.160936 0.005222 0.003714 0.999702 -0.023561
1600239323.202559 -4.336618 241.406097 -0.156439 0.003524 0.001686 0.998042 -0.062421
1600239324.001493 -6.386284 240.942963 -0.146929 0.000733 -0.002790 0.993993 -0.109407
1600239324.801750 -8.305942 240.268250 -0.147506 0.000486 -0.006596 0.986302 -0.164816
1600239325.600655 -10.120368 239.372711 -0.147134 -0.000479 -0.003990 0.973980 -0.226598
1600239326.400880 -11.781964 238.204910 -0.143274 -0.000979 -0.000990 0.953397 -0.301715
1600239327.200569 -13.212847 236.766876 -0.132310 0.001065 -0.002412 0.924694 -0.380703
1600239327.999486 -14.488469 234.990540 -0.123479 -0.003486 0.001021 0.888528 -0.458809
1600239328.700225 -15.397210 233.190292 -0.110144 0.000247 -0.003247 -0.856351 0.516384
1600239329.400926 -16.197838 231.166275 -0.086840 0.000338 0.000264 -0.832520 0.553994
1600239330.101621 -16.946470 228.957245 -0.070335 0.000924 0.000517 -0.815571 0.578656
1600239330.702799 -17.590330 226.862244 -0.052255 0.000217 0.000258 -0.808263 0.588821
1600239331.303978 -18.264030 224.606522 -0.028614 -0.000699 0.001123 -0.806132 0.591734
1600239331.804333 -18.880865 222.642151 -0.015506 -0.000424 0.001837 -0.808751 0.588148
1600239332.305998 -19.556396 220.631912 -0.008917 0.001112 0.002191 -0.812232 0.583329
1600239332.806261 -20.269333 218.601364 -0.011631 0.001639 0.001022 -0.813630 0.581380
1600239333.306582 -21.018034 216.507004 -0.028425 0.005914 0.000220 -0.813499 0.581537
1600239333.806901 -21.773693 214.387527 -0.062518 0.011243 -0.002940 -0.812085 0.583424
1600239334.307214 -22.504993 212.191544 -0.078087 0.000085 -0.003963 -0.810321 0.585973
1600239334.807555 -23.246653 209.935577 -0.076593 -0.002238 0.000723 -0.809182 0.587553
1600239335.307851 -24.002768 207.713974 -0.063480 -0.003801 -0.004511 -0.809447 0.587164
1600239335.808185 -24.772785 205.431564 -0.032537 -0.005359 -0.007194 -0.809747 0.586711
1600239336.307160 -25.556389 203.142151 -0.011079 0.002045 -0.006672 -0.809872 0.586565
1600239336.807477 -26.314583 200.875137 -0.000273 -0.002751 -0.008894 -0.809874 0.586529
1600239337.307798 -27.103312 198.494888 0.017907 -0.001415 -0.005647 -0.809243 0.587446
1600239337.708584 -27.751295 196.547562 0.032094 -0.002006 -0.006201 -0.808679 0.588214
1600239338.109371 -28.439501 194.490372 0.052560 -0.002950 -0.006386 -0.808925 0.587869
1600239338.508827 -29.159840 192.360458 0.074467 -0.002138 -0.006398 -0.809277 0.587388
1600239338.909615 -29.877922 190.234726 0.092365 -0.002332 -0.006957 -0.809180 0.587515
1600239339.310402 -30.619970 188.013596 0.112314 -0.002889 -0.006885 -0.808782 0.588061
1600239339.711188 -31.380548 185.733566 0.125957 -0.000806 -0.005671 -0.808273 0.588780
1600239340.111978 -32.155415 183.396225 0.131818 -0.001633 -0.006624 -0.807745 0.589492
1600239340.512253 -32.929493 181.054092 0.136767 -0.000443 -0.005870 -0.807455 0.589900
1600239340.912231 -33.732143 178.613663 0.143985 -0.000987 -0.006113 -0.806901 0.590654
1600239341.313001 -34.537807 176.154831 0.154874 0.000137 -0.006668 -0.806497 0.591201
1600239341.712459 -35.301685 173.792313 0.162654 0.000983 -0.006339 -0.806212 0.591592
1600239342.113246 -36.063473 171.400406 0.179845 -0.001628 -0.006132 -0.805607 0.592416
1600239342.513570 -36.830910 168.980316 0.199020 0.000004 -0.005106 -0.805137 0.593066
1600239342.913490 -37.575832 166.605362 0.211976 -0.003711 -0.004638 -0.804461 0.593976
1600239343.312952 -38.331039 164.220093 0.211942 0.001675 -0.001967 -0.803966 0.594670
1600239343.713734 -39.083282 161.825516 0.212495 -0.003181 -0.005486 -0.803673 0.595037
1600239344.113212 -39.846451 159.400177 0.221378 -0.000762 -0.004865 -0.803347 0.595491
1600239344.513983 -40.618328 156.940887 0.230493 -0.001637 -0.006165 -0.803038 0.595894
1600239344.914777 -41.384335 154.481689 0.246957 -0.001832 -0.005756 -0.802722 0.596322
1600239345.315567 -42.137352 152.044525 0.265385 -0.003220 -0.006415 -0.801735 0.597637
1600239345.715007 -42.885880 149.591446 0.286331 -0.002382 -0.006051 -0.801195 0.598368
1600239346.115800 -43.636387 147.127914 0.296266 0.001700 -0.005465 -0.801201 0.598368
1600239346.515253 -44.404270 144.639999 0.301699 0.002416 -0.008821 -0.801500 0.597925
1600239346.916043 -45.150127 142.176712 0.307457 -0.000706 -0.007649 -0.801425 0.598046
1600239347.315506 -45.913239 139.660828 0.313260 -0.000703 -0.005108 -0.801654 0.597767
1600239347.715025 -46.676846 137.171997 0.320463 -0.002499 -0.005690 -0.801780 0.597587
1600239348.114411 -47.440197 134.678802 0.332235 -0.002532 -0.003921 -0.801788 0.597590
1600239348.515205 -48.198063 132.217834 0.343822 -0.002153 -0.003371 -0.801921 0.597417
1600239348.914662 -48.950813 129.772308 0.358901 -0.002613 -0.003770 -0.801872 0.597478
1600239349.314544 -49.695492 127.358467 0.374059 -0.001477 -0.003655 -0.801785 0.597600
1600239349.714905 -50.440784 124.939224 0.389817 -0.002621 -0.004822 -0.801556 0.597894
1600239350.114356 -51.168606 122.532608 0.410931 -0.003650 -0.005113 -0.800747 0.598970
1600239350.515152 -51.890442 120.129318 0.429611 -0.003434 -0.004240 -0.800020 0.599948
1600239350.914606 -52.607910 117.739532 0.445428 -0.003204 -0.003671 -0.799847 0.600184
1600239351.315393 -53.336388 115.332924 0.459379 -0.003170 -0.004002 -0.800096 0.599850
1600239351.714851 -54.075512 112.907402 0.474048 -0.003711 -0.004850 -0.800502 0.599299
1600239352.115731 -54.803879 110.510445 0.492226 -0.004008 -0.005798 -0.800252 0.599622
1600239352.515097 -55.521870 108.100815 0.511825 -0.004461 -0.003964 -0.799935 0.600057
1600239352.915883 -56.246658 105.686043 0.513205 -0.001146 -0.001110 -0.799970 0.600038
1600239353.315336 -56.972893 103.274033 0.509057 -0.001880 -0.002658 -0.799905 0.600118
1600239353.714794 -57.702629 100.841896 0.511027 -0.001322 -0.002618 -0.799606 0.600517
1600239354.114269 -58.417057 98.451149 0.519153 -0.001472 -0.002678 -0.799361 0.600843
1600239354.515040 -59.145042 96.024902 0.529060 -0.002209 -0.002322 -0.799704 0.600386
1600239354.914501 -59.881130 93.594025 0.541668 -0.002361 -0.002827 -0.800272 0.599626
1600239355.313971 -60.614265 91.177376 0.554240 -0.002721 -0.003048 -0.800811 0.598903
1600239355.714750 -61.339977 88.764992 0.567449 -0.002039 -0.003105 -0.800671 0.599092
1600239356.114203 -62.050224 86.359634 0.581696 -0.002339 -0.003261 -0.799677 0.600417
1600239356.515001 -62.759586 83.958389 0.595282 -0.002495 -0.004527 -0.799252 0.600973
1600239356.914454 -63.467625 81.585022 0.598248 -0.000220 -0.003551 -0.799279 0.600950
1600239357.315250 -64.164024 79.234955 0.605687 -0.003346 -0.004627 -0.799322 0.600876
1600239357.716023 -64.861153 76.900124 0.615084 -0.001510 -0.003720 -0.799780 0.600280
1600239358.115478 -65.542542 74.644058 0.628523 -0.006048 -0.006449 -0.801113 0.598448
1600239358.514935 -66.252609 72.338089 0.642367 -0.002769 -0.003557 -0.802247 0.596976
1600239358.915720 -66.951157 70.090302 0.645910 -0.002507 -0.004189 -0.802701 0.596361
1600239359.315173 -67.653900 67.832588 0.654297 -0.003687 -0.005016 -0.802645 0.596425
1600239359.714641 -68.371529 65.548782 0.670392 -0.003121 -0.005292 -0.803047 0.595884
1600239360.115428 -69.082497 63.269714 0.690855 -0.003639 -0.004327 -0.803051 0.595884
1600239360.514884 -69.773972 61.043846 0.706998 -0.001714 -0.003074 -0.802975 0.596003
1600239360.914346 -70.460068 58.842705 0.721545 -0.001187 -0.003041 -0.802938 0.596054
1600239361.313799 -71.157097 56.603138 0.733127 -0.001129 -0.002241 -0.802872 0.596147
1600239361.714603 -71.838905 54.424969 0.752031 -0.001199 -0.003578 -0.803011 0.595952
1600239362.114054 -72.511871 52.251431 0.772736 -0.003463 -0.003859 -0.803145 0.595760
1600239362.514832 -73.177353 50.129070 0.794654 -0.004125 -0.004256 -0.803664 0.595054
1600239362.914347 -73.836037 48.058926 0.814158 -0.003092 -0.005705 -0.803709 0.594987
1600239363.315083 -74.491737 45.953426 0.828690 -0.003782 -0.005271 -0.802890 0.596092
1600239363.714535 -75.124138 43.880714 0.828185 -0.000719 -0.002307 -0.801572 0.597893
1600239364.115338 -75.734192 41.847866 0.824791 -0.002565 -0.002967 -0.800096 0.599859
1600239364.514778 -76.331970 39.836514 0.825695 -0.003143 -0.004074 -0.798841 0.601521
1600239364.914259 -76.920448 37.836071 0.826562 -0.002279 -0.003854 -0.797842 0.602850
1600239365.315024 -77.491043 35.851284 0.829343 -0.003471 -0.003359 -0.796914 0.604074
1600239365.714484 -78.047462 33.896317 0.831596 -0.003357 -0.001667 -0.796072 0.605191
1600239366.214808 -78.711060 31.544767 0.835655 -0.002416 0.000842 -0.794995 0.606610
1600239366.715116 -79.325790 29.336338 0.848175 -0.004698 0.000144 -0.794185 0.607657
1600239367.214116 -79.892479 27.251846 0.861695 -0.003209 0.002049 -0.793347 0.608758
1600239367.815297 -80.484215 25.003731 0.873181 -0.004676 0.002286 -0.790543 0.612384
1600239368.415150 -80.947487 23.033716 0.886398 -0.005325 0.002116 -0.782443 0.622696
1600239369.114522 -81.321480 20.882545 0.900850 -0.003144 0.002823 -0.762985 0.646402
1600239369.914767 -81.507362 18.654562 0.905461 -0.003747 0.000193 -0.732387 0.680878
1600239370.715014 -81.417473 16.556431 0.907292 -0.001961 0.000330 -0.691227 0.722635
1600239371.513930 -81.053421 14.551271 0.912811 -0.001893 -0.000677 -0.642339 0.766418
1600239372.415326 -80.327087 12.440873 0.923207 -0.004201 -0.000328 -0.582420 0.812877
1600239373.314814 -79.294182 10.514729 0.933978 -0.006774 0.001818 -0.516701 0.856137
1600239374.214635 -77.952049 8.802749 0.929147 -0.007929 0.004580 -0.442477 0.896733
1600239375.114368 -76.368858 7.294786 0.910473 -0.006324 0.006726 -0.372279 0.928075
1600239376.015488 -74.552971 6.030949 0.880522 -0.006061 0.006198 -0.301101 0.953553
1600239376.915257 -72.554718 5.068592 0.846033 -0.007967 0.006329 -0.225916 0.974094
1600239377.714176 -70.640800 4.425023 0.826657 -0.008874 0.005711 -0.166284 0.986021
1600239378.514408 -68.646118 3.971780 0.803466 -0.008090 0.007456 -0.113319 0.993498
1600239379.314649 -66.455818 3.650218 0.764489 -0.008363 0.005503 -0.071056 0.997422
1600239380.014057 -64.212723 3.412393 0.722686 -0.008555 0.006594 -0.048952 0.998743
1600239380.613893 -62.056953 3.236162 0.688989 -0.009252 0.004796 -0.036471 0.999280
1600239381.215093 -59.681286 3.073659 0.658110 -0.009550 0.005233 -0.028123 0.999545
1600239381.714077 -57.618336 2.952578 0.623836 -0.009629 0.006696 -0.024175 0.999639
1600239382.214392 -55.464905 2.824856 0.585964 -0.009958 0.006466 -0.024478 0.999630
1600239382.714693 -53.210804 2.680945 0.544846 -0.010567 0.006935 -0.026180 0.999577
1600239383.215015 -50.867504 2.528481 0.503452 -0.011261 0.007226 -0.027033 0.999545
1600239383.714008 -48.486233 2.361602 0.464236 -0.011406 0.008211 -0.029060 0.999479
1600239384.214571 -46.035374 2.183763 0.423651 -0.011483 0.006403 -0.030192 0.999458
1600239384.613800 -43.995800 2.033269 0.392094 -0.011363 0.005579 -0.030162 0.999465
1600239385.013238 -41.914642 1.881728 0.363414 -0.011259 0.005816 -0.030032 0.999469
1600239385.414030 -39.793411 1.734843 0.329589 -0.011162 0.006972 -0.029202 0.999487
1600239385.813485 -37.617764 1.591498 0.298187 -0.010750 0.006697 -0.026927 0.999557
1600239386.212952 -35.435574 1.462404 0.267747 -0.010949 0.007074 -0.023798 0.999632
1600239386.612440 -33.240417 1.352405 0.236262 -0.011211 0.006227 -0.019756 0.999723
1600239387.013209 -31.026249 1.249685 0.203992 -0.011435 0.007310 -0.017565 0.999754
1600239387.412649 -28.780931 1.155026 0.170861 -0.011391 0.006042 -0.015662 0.999794
1600239387.813440 -26.525064 1.057588 0.135817 -0.011277 0.006072 -0.015417 0.999799
1600239388.214221 -24.248405 0.958811 0.102743 -0.012172 0.005527 -0.015825 0.999785
1600239388.615027 -21.963415 0.856121 0.078154 -0.012473 0.004082 -0.016908 0.999771
1600239389.014477 -19.703329 0.756226 0.055044 -0.011600 0.004352 -0.015543 0.999802
1600239389.415257 -17.371618 0.685388 0.032561 -0.011843 0.004751 -0.009568 0.999873
1600239389.816048 -15.048578 0.638531 0.015439 -0.012451 0.002877 -0.005517 0.999903
1600239390.215501 -12.768635 0.587767 0.005850 -0.011823 0.002910 -0.004733 0.999915
1600239390.616289 -10.407868 0.531507 -0.008270 -0.012119 0.003769 -0.005952 0.999902
1600239391.015752 -8.085004 0.462377 -0.025096 -0.011335 0.004013 -0.007962 0.999896
1600239391.416533 -5.739259 0.390115 -0.046352 -0.010710 0.003912 -0.008191 0.999901
1600239391.815993 -3.428459 0.344522 -0.065557 -0.011149 0.003046 -0.003798 0.999926
1600239392.215454 -1.065765 0.330959 -0.084836 -0.010973 0.003014 0.002624 0.999932
1600239392.614907 1.252640 0.346447 -0.113916 -0.011166 0.006536 0.008303 0.999882
1600239393.015705 3.572474 0.387239 -0.144487 -0.011399 0.003726 0.013375 0.999839
1600239393.415151 5.919513 0.445932 -0.179576 -0.012210 0.006008 0.016517 0.999771
1600239393.814617 8.256881 0.509391 -0.214358 -0.012366 0.004264 0.018713 0.999739
1600239394.214092 10.588194 0.575043 -0.242719 -0.012680 0.003643 0.019694 0.999719
1600239394.614872 12.933926 0.642613 -0.277088 -0.013316 0.004876 0.020059 0.999698
1600239395.014308 15.304507 0.706805 -0.312611 -0.012818 0.004326 0.020165 0.999705
1600239395.413773 17.726261 0.773301 -0.342850 -0.012388 0.003205 0.020353 0.999711
1600239395.813257 20.183443 0.844185 -0.365126 -0.012428 0.003038 0.020987 0.999698
1600239396.214012 22.710920 0.919538 -0.384081 -0.012807 0.001804 0.021126 0.999693
1600239396.613473 25.297688 0.999954 -0.397546 -0.013126 0.001313 0.021277 0.999687
1600239397.014260 27.890043 1.082357 -0.407005 -0.012726 0.001500 0.022182 0.999672
1600239397.413712 30.375994 1.172240 -0.424711 -0.013138 0.004529 0.024184 0.999611
1600239397.814498 32.916321 1.273432 -0.451193 -0.013084 0.004940 0.025675 0.999573
1600239398.215566 35.454491 1.380039 -0.472198 -0.013574 0.001910 0.026554 0.999553
1600239398.614752 37.971287 1.474444 -0.506593 -0.009987 0.009239 0.026454 0.999557
1600239399.014215 40.419872 1.589249 -0.544074 -0.012675 0.003159 0.026804 0.999555
1600239399.415010 42.877781 1.703961 -0.576592 -0.012228 0.006041 0.027173 0.999538
1600239399.814457 45.335350 1.823814 -0.606713 -0.011975 0.002682 0.027924 0.999535
1600239400.214013 47.762859 1.942817 -0.637805 -0.011593 0.007179 0.028437 0.999503
1600239400.614707 50.147945 2.062758 -0.667714 -0.012276 0.002597 0.029448 0.999488
1600239401.014153 52.549500 2.185186 -0.684796 -0.011757 0.003263 0.030500 0.999460
1600239401.414940 54.922874 2.318630 -0.698075 -0.011368 0.002252 0.033178 0.999382
1600239401.814411 57.282455 2.468117 -0.709610 -0.011888 0.001862 0.037284 0.999232
1600239402.213856 59.581188 2.622036 -0.726984 -0.011397 0.003811 0.040261 0.999117
1600239402.614653 61.881763 2.790923 -0.743878 -0.011653 0.002959 0.042836 0.999010
1600239403.014127 64.120361 2.965127 -0.756155 -0.010985 0.002871 0.044343 0.998952
1600239403.414885 66.331696 3.140574 -0.772651 -0.010572 0.003241 0.045704 0.998894
1600239403.814336 68.501175 3.314615 -0.791722 -0.009857 0.003136 0.047049 0.998839
1600239404.215142 70.605522 3.475956 -0.813747 -0.006291 0.003569 0.047322 0.998854
1600239404.615918 72.641731 3.632356 -0.842807 -0.003010 0.005915 0.047417 0.998853
1600239405.116224 75.026192 3.827948 -0.879071 -0.002829 0.003387 0.046697 0.998899
1600239405.615348 77.274612 3.992183 -0.914057 -0.006063 0.005743 0.045272 0.998940
1600239406.115531 79.408669 4.156098 -0.952691 -0.008443 0.006815 0.044685 0.998942
1600239406.615861 81.415810 4.306084 -0.987799 -0.005757 0.010692 0.045202 0.998904
1600239407.215716 83.650467 4.471093 -1.036929 -0.000889 0.011692 0.045478 0.998896
1600239407.815559 85.679008 4.632917 -1.079699 -0.001035 0.008360 0.045497 0.998929
1600239408.514939 87.861588 4.813400 -1.122016 -0.001906 0.008280 0.046392 0.998887
1600239409.315184 90.091652 5.034215 -1.164496 -0.000848 0.007946 0.056067 0.998395
1600239410.216330 92.218735 5.315183 -1.200501 -0.000185 0.005785 0.072305 0.997366
1600239411.316498 94.315117 5.775630 -1.226216 -0.001125 0.005561 0.110610 0.993848
1600239412.615704 96.277092 6.437124 -1.243184 -0.002140 0.002406 0.159094 0.987258
1600239420.415102 98.119644 7.266272 -1.248807 -0.001070 -0.010209 0.206678 0.978355
1600239422.614108 100.011574 8.235883 -1.234028 -0.000204 -0.008596 0.238352 0.971141
1600239423.714272 101.766342 9.332735 -1.220465 0.000174 -0.003382 0.278342 0.960476
1600239424.813118 103.401924 10.606782 -1.216476 0.001226 -0.001343 0.328088 0.944645
1600239425.911958 104.750504 12.068982 -1.215980 0.001947 0.001155 0.403697 0.914890
1600239427.010803 105.585663 13.798970 -1.218534 0.002284 0.000708 0.524099 0.851654
1600239428.510461 105.922775 15.562067 -1.210059 0.001251 -0.002138 0.630994 0.775784
1600239444.714409 105.675278 17.163151 -1.210961 0.001353 -0.001541 0.727412 0.686198
1600239452.215190 105.231590 19.162647 -1.203916 0.000437 -0.002118 0.765673 0.643226
1600239456.914464 104.968224 21.128151 -1.201922 0.000128 -0.002703 0.758787 0.651334
1600239461.815472 104.728310 23.206041 -1.223465 -0.000574 -0.002599 0.749755 0.661710
1600239463.515487 104.558022 25.360065 -1.240903 0.000237 -0.002331 0.740527 0.672023
1600239464.614357 104.437347 27.552671 -1.251343 -0.000370 -0.002132 0.730703 0.682692
1600239465.515491 104.379166 29.642508 -1.255642 -0.000828 -0.002052 0.722399 0.691473
1600239466.615617 104.366455 31.694330 -1.258014 -0.001361 -0.001840 0.715445 0.698665
1600239468.216113 104.385681 33.759251 -1.264632 -0.000257 -0.002735 0.709169 0.705033
1600239469.614871 104.409142 35.888405 -1.275122 -0.000329 -0.002465 0.707890 0.706318
1600239471.014960 104.413193 37.878971 -1.271219 -0.000142 -0.001213 0.710473 0.703723
1600239481.414169 104.359291 39.965088 -1.286344 0.001445 -0.001170 0.716745 0.697333
1600239483.515013 104.319351 42.002880 -1.275294 0.002208 -0.000614 0.722082 0.691804
1600239497.213350 104.233353 44.089870 -1.250113 0.002651 -0.001851 0.723175 0.690657
