0 1624934433.426919 0.000000 -0.000000 -0.000000 -0.000000 -0.000000 0.000000 1.000000
1 1624934433.826401 0.008957 0.005355 0.000863 -0.000338 -0.000117 0.000143 1.000000
2 1624934434.225858 0.012973 0.011753 0.001130 0.000241 -0.000570 0.000306 1.000000
3 1624934434.626676 0.012965 0.014268 0.002882 0.000462 -0.000878 0.000623 0.999999
4 1624934435.026319 0.017532 0.015493 0.005887 0.000272 -0.000928 0.000587 0.999999
5 1624934435.426950 0.015345 0.017194 -0.004322 0.000537 -0.000651 0.000679 0.999999
6 1624934435.826459 0.019560 0.018603 0.004325 0.000797 -0.001222 0.000394 0.999999
7 1624934436.227217 0.017143 0.018469 0.004659 0.000825 -0.001435 0.000534 0.999998
8 1624934436.626764 0.015136 0.017300 0.003140 0.000671 -0.001438 0.000928 0.999998
9 1624934437.026191 0.013321 0.018966 -0.006641 0.000918 -0.001055 0.001103 0.999998
10 1624934437.426978 0.012791 0.019450 -0.005431 0.000943 -0.001129 0.000921 0.999998
11 1624934437.826424 0.011555 0.016722 -0.008240 0.000992 -0.001054 0.000662 0.999999
12 1624934438.126433 0.010948 0.017720 -0.010381 0.001107 -0.000961 0.000757 0.999999
13 1624934438.527169 0.010765 0.019085 -0.009784 0.001111 -0.001136 0.000948 0.999998
14 1624934438.926704 0.011813 0.018519 -0.006568 0.001130 -0.001389 0.000703 0.999998
15 1624934439.326128 0.010544 0.021456 -0.019355 0.001205 -0.000604 0.001025 0.999999
16 1624934439.627369 0.008326 0.018316 -0.020484 0.001377 -0.000607 0.001032 0.999998
17 1624934440.026889 0.009761 0.018833 -0.019586 0.001318 -0.000653 0.000945 0.999998
18 1624934440.426336 0.007740 0.022018 -0.024357 0.001394 -0.000502 0.000884 0.999999
19 1624934440.726389 0.002924 0.018457 -0.037967 0.001255 0.000133 0.000841 0.999999
20 1624934441.127065 0.003305 0.021832 -0.035335 0.001316 -0.000116 0.000912 0.999999
21 1624934441.527461 0.002060 0.024104 -0.036311 0.001346 -0.000176 0.000851 0.999999
22 1624934441.926001 0.002688 0.026479 -0.041516 0.001487 0.000023 0.000765 0.999999
23 1624934442.227280 0.001827 0.028050 -0.039831 0.001479 -0.000151 0.000872 0.999999
24 1624934442.626751 0.002381 0.025451 -0.045217 0.001395 0.000118 0.000634 0.999999
25 1624934443.026226 0.000707 0.024499 -0.042291 0.001448 -0.000000 0.000528 0.999999
26 1624934443.327504 0.002908 0.026136 -0.046923 0.001349 0.000156 0.000876 0.999999
27 1624934443.726956 0.002034 0.026825 -0.051213 0.001315 0.000440 0.000932 0.999999
28 1624934444.027017 0.001834 0.025376 -0.047947 0.001539 0.000036 0.000782 0.999999
29 1624934444.426368 0.006007 0.026015 -0.048204 0.001447 0.000198 0.001030 0.999998
30 1624934444.827199 0.006465 0.024635 -0.047779 0.001468 0.000136 0.000860 0.999999
31 1624934445.226639 0.007156 0.024482 -0.047602 0.001392 0.000270 0.000828 0.999999
32 1624934445.526656 0.004317 0.023589 -0.055880 0.001692 0.000369 0.001014 0.999998
33 1624934445.927412 0.002379 0.023632 -0.049963 0.001524 0.000212 0.000877 0.999998
34 1624934446.326859 0.005736 0.021100 -0.048839 0.001617 0.000020 0.000702 0.999998
35 1624934446.726371 0.007466 0.020916 -0.048497 0.001333 0.000122 0.000692 0.999999
36 1624934447.127192 0.006301 0.020864 -0.048291 0.001321 0.000138 0.000774 0.999999
37 1624934447.526592 0.008643 0.019069 -0.042317 0.001460 -0.000188 0.000538 0.999999
38 1624934447.927448 0.004629 0.017313 -0.052132 0.001866 -0.000045 0.000239 0.999998
39 1624934448.126496 0.005897 0.018880 -0.044211 0.001539 -0.000266 -0.000267 0.999999
40 1624934448.527297 0.008473 0.018122 -0.039268 0.001689 -0.000590 -0.000876 0.999998
41 1624934448.926880 0.012520 0.020662 -0.028829 0.001493 -0.000820 -0.000708 0.999998
42 1624934449.327539 0.011217 0.020155 -0.032086 0.001527 -0.000829 -0.000763 0.999998
43 1624934449.727023 0.009664 0.018316 -0.030518 0.001815 -0.001055 -0.000716 0.999998
44 1624934450.127826 0.012308 0.018744 -0.032079 0.001808 -0.000900 -0.000130 0.999998
45 1624934450.326962 0.012388 0.019246 -0.025982 0.001809 -0.001297 0.000074 0.999998
46 1624934450.427774 0.014167 0.021017 -0.017580 0.001982 -0.001742 -0.000020 0.999997
47 1624934450.626852 0.014355 0.022417 -0.019234 0.001608 -0.001493 0.000184 0.999998
48 1624934451.027647 0.015310 0.020947 -0.018490 0.001590 -0.001322 0.000111 0.999998
49 1624934451.427153 0.015562 0.021194 -0.016087 0.001612 -0.001571 0.000173 0.999997
50 1624934451.826584 0.016769 0.022704 -0.011268 0.001658 -0.001892 0.000234 0.999997
51 1624934452.227391 0.014696 0.020178 -0.015425 0.001626 -0.001689 0.000397 0.999997
52 1624934452.527401 0.015666 0.019037 -0.008120 0.001708 -0.002044 0.000417 0.999996
53 1624934452.926806 0.012119 0.019569 -0.016540 0.001993 -0.001944 0.000590 0.999996
54 1624934453.327663 0.017934 0.017563 -0.006119 0.001844 -0.002201 0.000570 0.999996
55 1624934453.727147 0.017356 0.015089 -0.006130 0.002136 -0.002396 0.000318 0.999995
56 1624934454.126659 0.010650 0.005368 -0.040313 0.004430 -0.003867 0.001325 0.999982
57 1624934454.427833 0.015292 0.012970 0.010655 0.002642 -0.002766 0.001115 0.999992
58 1624934454.827291 0.013660 0.005029 -0.046934 0.001485 -0.001193 0.000634 0.999998
59 1624934455.226906 0.020438 -0.006676 -0.028786 0.014227 0.011796 0.003693 0.999822
60 1624934455.627597 0.024186 -0.004591 -0.008649 0.005778 0.017709 -0.001427 0.999825
61 1624934455.727129 0.018475 -0.011239 -0.033133 0.025113 0.014621 0.002846 0.999574
62 1624934455.826706 0.029427 -0.015948 -0.056379 0.022666 0.019739 -0.000840 0.999548
63 1624934456.027056 0.028828 -0.016343 -0.038152 0.023028 0.023367 0.000916 0.999461
64 1624934456.127935 0.023838 -0.017375 -0.049561 0.025414 0.022021 -0.000642 0.999434
65 1624934456.427861 0.017893 -0.011098 -0.008510 0.011901 0.014450 0.000591 0.999825
66 1624934456.527391 0.015909 -0.003187 -0.003939 0.009940 0.017684 -0.000347 0.999794
67 1624934456.626922 0.011352 -0.001041 -0.001350 0.010349 0.021595 0.002874 0.999709
68 1624934457.027770 0.002191 -0.001423 -0.010866 0.023903 0.022713 0.001057 0.999456
69 1624934457.427217 0.009022 -0.002075 -0.007514 0.031254 0.033163 0.000847 0.998961
70 1624934457.828040 0.003179 -0.004279 -0.004695 0.034721 0.033875 -0.000687 0.998823
71 1624934458.127981 -0.003274 0.001285 -0.000722 0.033137 0.037976 -0.002753 0.998725
72 1624934458.527418 -0.005346 0.010113 0.012007 0.024178 0.030507 -0.001572 0.999241
73 1624934458.626991 -0.004588 0.011809 0.006410 0.028078 0.027251 0.001366 0.999233
74 1624934458.928209 -0.013695 0.027958 0.016420 0.013176 0.017362 0.002288 0.999760
75 1624934459.327730 -0.018813 0.038518 0.017431 0.033084 0.026700 0.007935 0.999064
76 1624934459.727202 -0.036922 0.077350 0.017012 0.030189 0.027640 0.027806 0.998775
77 1624934460.128021 -0.041711 0.129352 0.008758 0.020231 0.021136 0.043272 0.998635
78 1624934460.527512 -0.064432 0.194301 0.014836 0.020498 0.026020 0.062228 0.997512
79 1624934460.927049 -0.104969 0.284674 0.015844 0.016219 0.027759 0.106263 0.993818
80 1624934461.327788 -0.160748 0.373445 0.012637 0.016741 0.038574 0.179185 0.982916
81 1624934461.728559 -0.197034 0.507746 0.017231 0.015946 0.046994 0.269717 0.961660
82 1624934462.128041 -0.291115 0.672256 -0.003714 0.020963 0.052417 0.368606 0.927870
83 1624934462.527506 -0.384425 0.816519 -0.020848 0.012066 0.052466 0.478603 0.876379
84 1624934462.928360 -0.474442 0.951760 -0.040602 0.001202 0.052021 0.573618 0.817469
85 1624934463.327758 -0.606457 1.081453 -0.026939 -0.004062 0.046405 0.642672 0.764724
86 1624934463.727287 -0.824005 1.216621 -0.031637 -0.014374 0.043120 0.694414 0.718138
87 1624934464.128169 -1.007649 1.359228 -0.025658 -0.011216 0.042392 0.764374 0.643280
88 1624934464.527538 -1.140492 1.538117 -0.004141 0.005606 0.025730 0.797729 0.602441
89 1624934464.927007 -1.299260 1.741132 -0.018773 -0.007311 0.035179 0.799754 0.599251
90 1624934465.326513 -1.477044 1.940386 0.016732 -0.009176 0.044744 0.793384 0.607005
91 1624934465.627729 -1.592837 2.127410 0.015150 -0.011003 0.032776 0.799364 0.599851
92 1624934466.028558 -1.760569 2.405902 0.028550 -0.018689 0.028802 0.788028 0.614682
93 1624934466.428040 -1.939400 2.665933 0.062131 -0.003790 0.035165 0.760413 0.648475
94 1624934466.728094 -2.082405 2.869462 0.058804 -0.003342 0.030982 0.753740 0.656434
95 1624934467.127477 -2.253641 3.158847 0.084894 -0.003526 0.029513 0.745661 0.665663
96 1624934467.526920 -2.458696 3.447086 0.096407 0.000945 0.041007 0.725485 0.687014
97 1624934467.927711 -2.629831 3.776270 0.099921 -0.002677 0.044612 0.721982 0.690467
98 1624934468.328629 -2.781535 4.118294 0.114104 0.006813 0.048094 0.709903 0.702623
99 1624934468.727997 -2.943575 4.458724 0.144876 0.014461 0.048702 0.694276 0.717913
100 1624934469.127475 -3.057713 4.836721 0.137911 0.009041 0.037784 0.693998 0.718928
101 1624934469.528296 -3.160157 5.233629 0.140840 0.008955 0.035122 0.680245 0.732088
102 1624934469.927778 -3.232209 5.609264 0.126482 0.013177 0.046884 0.663819 0.746306
103 1624934470.328606 -3.261738 6.018524 0.147480 0.010131 0.047561 0.663054 0.746990
104 1624934470.728078 -3.317005 6.423173 0.135357 0.011180 0.046514 0.656408 0.752888
105 1624934471.127502 -3.320573 6.820183 0.116669 0.008576 0.046513 0.650673 0.757883
106 1624934471.528487 -3.339852 7.228062 0.111674 0.001774 0.035268 0.655999 0.753935
107 1624934471.927845 -3.354460 7.599880 0.130357 0.022677 0.039339 0.647802 0.760455
108 1624934472.327315 -3.334903 7.993383 0.102081 0.022802 0.037152 0.669644 0.741402
109 1624934472.628570 -3.331478 8.301593 0.099994 0.014357 0.036370 0.684798 0.727683
110 1624934473.028010 -3.338905 8.686775 0.108056 0.028428 0.035379 0.682158 0.729795
111 1624934473.328090 -3.349973 8.968392 0.072268 0.016491 0.032459 0.695708 0.717402
112 1624934473.728752 -3.365275 9.374572 0.081706 0.008861 0.037492 0.703302 0.709846
113 1624934474.126947 -3.422310 9.683388 0.091569 0.029059 0.030934 0.708365 0.704570
114 1624934474.527752 -3.499932 9.974396 0.075934 0.043308 0.017941 0.771059 0.635036
115 1624934474.829004 -3.592778 10.213767 0.097747 0.034737 0.021609 0.816650 0.575682
116 1624934475.228476 -3.791681 10.437250 0.116909 0.055923 0.012073 0.865935 0.496874
117 1624934475.627928 -4.018956 10.628674 0.131737 0.061117 0.006191 0.918859 0.389774
118 1624934476.028764 -4.285836 10.753912 0.170352 0.050347 0.005807 0.959459 0.277252
119 1624934476.428222 -4.588476 10.816720 0.208453 0.070050 0.017613 0.977050 0.200390
120 1624934476.827696 -4.910442 10.869852 0.229444 0.061287 0.007828 0.990017 0.126682
121 1624934477.128975 -5.162303 10.914383 0.250509 0.057010 0.000347 0.994354 0.089501
122 1624934477.528522 -5.509268 10.925659 0.243509 0.055392 -0.001851 0.995906 0.071414
123 1624934477.927917 -5.850357 10.922914 0.290253 0.046977 0.003804 0.998173 0.037798
124 1624934478.227883 -6.102095 10.931578 0.321127 0.055193 -0.005010 0.998459 -0.003002
125 1624934478.628672 -6.411355 10.882949 0.328495 0.062732 -0.004737 0.996292 -0.058696
126 1624934479.028172 -6.688295 10.772499 0.353456 0.063871 -0.004289 0.983322 -0.170234
127 1624934479.328147 -6.869563 10.639376 0.391713 0.066086 -0.019095 0.956045 -0.285035
128 1624934479.629381 -6.971616 10.464157 0.397120 0.069327 -0.018962 0.918694 -0.388376
129 1624934480.028874 -7.030404 10.165376 0.405999 0.064917 -0.017979 0.869265 -0.489735
130 1624934480.428306 -7.101494 9.875866 0.399435 -0.054106 0.006201 -0.826900 0.559706
131 1624934480.829132 -7.122764 9.553282 0.396678 -0.042502 0.008641 -0.792093 0.608858
132 1624934481.228586 -7.101285 9.231099 0.406585 -0.035048 0.011052 -0.781120 0.623298
133 1624934481.628081 -7.099733 8.883613 0.394945 -0.036763 0.017651 -0.752262 0.657600
134 1624934481.929377 -7.113626 8.625169 0.404494 -0.038922 0.020403 -0.740449 0.670675
135 1624934482.328855 -7.070401 8.243623 0.416648 -0.042145 0.015860 -0.746065 0.664349
136 1624934482.728282 -7.038337 7.851984 0.404859 -0.047681 0.014447 -0.742302 0.668211
137 1624934483.129118 -7.027122 7.443479 0.405655 -0.043433 0.015046 -0.742206 0.668594
138 1624934483.528602 -6.986847 7.037178 0.407536 -0.038135 0.016329 -0.755294 0.654072
139 1624934483.928077 -6.974295 6.630057 0.390662 -0.038764 0.011631 -0.734536 0.677362
140 1624934484.229351 -6.974365 6.288494 0.400682 -0.031830 0.019995 -0.730811 0.681544
141 1624934484.628816 -6.944273 5.860591 0.417658 -0.011610 0.015172 -0.751669 0.659264
142 1624934485.028266 -6.970034 5.430471 0.389742 -0.004363 0.025239 -0.739232 0.672964
143 1624934485.329500 -6.987781 5.099554 0.392209 0.002810 0.027114 -0.736739 0.675628
144 1624934485.729011 -7.005070 4.662441 0.425214 0.010384 0.028875 -0.756947 0.652755
145 1624934486.128488 -7.049075 4.242728 0.410939 -0.014603 0.024211 -0.747904 0.663205
146 1624934486.428424 -7.057010 3.922240 0.423245 -0.036853 0.035532 -0.735710 0.675359
147 1624934486.829215 -7.027907 3.468077 0.445812 -0.041438 0.037114 -0.721649 0.690021
148 1624934487.228717 -7.014264 3.034354 0.442830 -0.049442 0.037330 -0.700628 0.710832
149 1624934487.729034 -6.952107 2.487755 0.430723 -0.041311 0.034380 -0.718950 0.692981
150 1624934488.127169 -6.915564 2.088855 0.431847 -0.037952 0.028302 -0.709995 0.702614
151 1624934488.428464 -6.895074 1.760014 0.422542 -0.044982 0.021323 -0.699038 0.713350
152 1624934488.829215 -6.798467 1.343251 0.432650 -0.035618 0.024445 -0.700844 0.712005
153 1624934489.228729 -6.715560 0.944192 0.414777 -0.029211 0.018256 -0.694429 0.718736
154 1624934489.429122 -6.685722 0.716189 0.427203 -0.017096 0.019651 -0.684786 0.728279
155 1624934489.629512 -6.631931 0.519535 0.404239 -0.023798 0.021437 -0.688931 0.724119
156 1624934490.029019 -6.519552 0.139345 0.419460 -0.019397 0.009846 -0.717870 0.695837
157 1624934490.427176 -6.409010 -0.193234 0.407167 -0.033618 0.000062 -0.705486 0.707926
158 1624934490.729713 -6.398438 -0.512203 0.421997 -0.015674 -0.005873 -0.682008 0.731154
159 1624934491.127870 -6.308989 -0.841269 0.404723 -0.026465 -0.001718 -0.678621 0.734010
160 1624934491.427899 -6.231815 -1.112765 0.389586 -0.025924 0.002276 -0.653539 0.756446
161 1624934491.729103 -6.155211 -1.361785 0.391134 -0.036698 -0.011804 -0.621778 0.782244
162 1624934492.129961 -5.990626 -1.701675 0.372102 -0.022801 0.004758 -0.564100 0.825378
163 1624934492.529414 -5.808863 -1.974422 0.384257 -0.015971 0.002960 -0.505948 0.862411
164 1624934492.928868 -5.624317 -2.261192 0.342688 -0.029818 0.007983 -0.453788 0.890575
165 1624934493.328307 -5.368824 -2.497918 0.359524 -0.021708 0.002575 -0.367880 0.929616
166 1624934493.629638 -5.159894 -2.592258 0.343109 -0.018276 -0.017411 -0.295756 0.954930
167 1624934493.928177 -4.938192 -2.662594 0.297729 -0.014103 -0.005844 -0.189957 0.981674
168 1624934494.229473 -4.717162 -2.723137 0.288525 -0.014846 -0.008010 -0.097666 0.995076
169 1624934494.430318 -4.547882 -2.732298 0.270053 -0.010571 0.009571 -0.044110 0.998925
170 1624934494.729832 -4.335476 -2.687960 0.264003 -0.000817 0.005421 0.007546 0.999957
171 1624934495.128021 -4.095748 -2.577039 0.218199 0.001052 0.003070 0.099146 0.995068
172 1624934495.429785 -3.857642 -2.487565 0.220836 0.016144 0.007796 0.175932 0.984239
173 1624934495.830035 -3.591145 -2.300949 0.196218 0.008269 0.005590 0.248689 0.968532
174 1624934496.229522 -3.346390 -2.080657 0.169890 0.017800 0.015208 0.294735 0.955292
175 1624934496.728716 -3.086459 -1.767146 0.176390 0.012063 0.010908 0.382408 0.923850
176 1624934497.029789 -2.950222 -1.568549 0.117392 0.016423 0.019509 0.410060 0.911702
177 1624934497.429249 -2.827144 -1.268846 0.106071 0.010195 0.031626 0.416462 0.908545
178 1624934497.828779 -2.718262 -0.998620 0.077989 0.006528 0.032491 0.447127 0.893856
179 1624934498.130114 -2.649530 -0.779020 0.084532 0.005110 0.031955 0.472883 0.880531
180 1624934498.629006 -2.629379 -0.393507 0.092904 0.013322 0.035416 0.476400 0.878414
181 1624934499.028544 -2.589950 -0.085477 0.063383 0.006077 0.030358 0.565395 0.824239
182 1624934499.329785 -2.538195 0.167884 0.052244 0.011594 0.037263 0.623902 0.780528
183 1624934499.729246 -2.562263 0.498986 0.045691 0.008085 0.047392 0.656118 0.753126
184 1624934500.128710 -2.607564 0.837815 0.072098 0.025591 0.053379 0.666508 0.743144
185 1624934500.528206 -2.656376 1.175287 0.065082 0.034238 0.029366 0.695486 0.717122
186 1624934500.829674 -2.712725 1.452893 0.040418 0.020003 0.033510 0.698273 0.714767
187 1624934501.228938 -2.788943 1.805049 0.084095 0.025190 0.032330 0.700270 0.712700
188 1624934501.628386 -2.815968 2.159708 0.067847 0.035042 0.015793 0.704822 0.708342
189 1624934501.929677 -2.868143 2.446708 0.053290 0.030120 0.011059 0.713305 0.700119
190 1624934502.329203 -2.965437 2.808570 0.081497 0.039927 0.016148 0.709428 0.703461
191 1624934502.729529 -3.077337 3.150085 0.072244 0.017261 0.028483 0.756387 0.653275
192 1624934503.029920 -3.129518 3.455098 0.063189 0.012511 0.023242 0.794092 0.607224
193 1624934503.331135 -3.197724 3.735254 0.050358 0.023432 0.017051 0.784811 0.619057
194 1624934503.727988 -3.265013 4.064868 0.049820 0.018398 0.010215 0.781431 0.623637
195 1624934504.029228 -3.326209 4.325137 0.064926 0.023132 0.001771 0.802883 0.595684
196 1624934504.330489 -3.450576 4.606819 0.069176 0.031581 -0.007987 0.794982 0.605758
197 1624934504.727364 -3.606897 4.942603 0.090716 0.030196 0.005128 0.804495 0.593169
198 1624934505.028594 -3.749074 5.244864 0.102562 0.041061 0.004567 0.838013 0.544085
199 1624934505.331220 -3.918522 5.512881 0.108006 0.046095 0.002282 0.856902 0.513410
200 1624934505.729454 -4.155376 5.839156 0.151223 0.063314 0.007573 0.876167 0.477771
201 1624934506.130152 -4.384276 6.195467 0.165131 0.069214 0.000488 0.897426 0.435701
202 1624934506.529651 -4.657665 6.520825 0.188286 0.064432 -0.013196 0.900957 0.428895
203 1624934506.929133 -4.917932 6.846925 0.205843 0.069076 0.006114 0.904716 0.420333
204 1624934507.329923 -5.182895 7.200032 0.225655 0.055873 0.000995 0.909011 0.413008
205 1624934507.729403 -5.487876 7.528503 0.245371 0.050754 -0.003530 0.906520 0.419086
206 1624934508.128856 -5.764776 7.831095 0.261546 0.050569 0.002424 0.908445 0.414927
207 1624934508.529682 -6.037286 8.168732 0.286323 0.057077 0.001882 0.915251 0.398817
208 1624934508.930480 -6.339174 8.487174 0.305750 0.054325 0.006589 0.910033 0.410908
209 1624934509.328637 -6.653249 8.775216 0.326289 0.053478 -0.001831 0.912559 0.405429
210 1624934509.629891 -6.893528 9.020936 0.349077 0.045168 -0.007250 0.921030 0.386795
211 1624934510.029403 -7.215014 9.308006 0.376098 0.053760 -0.008329 0.916383 0.396590
212 1624934510.428835 -7.529279 9.620162 0.390260 0.051292 -0.005811 0.931474 0.360127
213 1624934510.730161 -7.786534 9.848398 0.395517 0.051928 -0.001952 0.935195 0.350299
214 1624934511.129623 -8.142447 10.150202 0.418133 0.044082 0.014328 0.927257 0.371545
215 1624934511.529092 -8.477546 10.443376 0.422047 0.063247 0.010986 0.934027 0.351388
216 1624934511.830325 -8.743371 10.653281 0.459735 0.055189 0.008084 0.939242 0.338694
217 1624934512.229966 -9.086559 10.945931 0.479372 0.057533 0.023032 0.936512 0.345116
218 1624934512.629295 -9.411233 11.227753 0.503303 0.048040 0.018817 0.950944 0.305032
219 1624934512.930584 -9.659365 11.408034 0.503862 0.050683 0.008370 0.958446 0.280611
220 1624934513.330051 -9.952639 11.619025 0.538609 0.054312 0.016133 0.970181 0.235668
221 1624934513.729541 -10.266855 11.784056 0.567870 0.065797 -0.013734 0.986981 0.146118
222 1624934514.030786 -10.528322 11.864028 0.598753 0.068390 -0.030263 0.989137 0.126548
223 1624934514.330803 -10.788514 11.910853 0.624858 0.089632 -0.024593 0.980373 0.173866
224 1624934514.728885 -11.054227 12.077819 0.635902 0.086586 -0.022344 0.962141 0.257467
225 1624934515.030120 -11.257653 12.216291 0.650511 0.090969 -0.012935 0.942247 0.322067
226 1624934515.429616 -11.500168 12.466594 0.670070 0.074964 -0.012396 0.898821 0.431680
227 1624934515.829086 -11.707303 12.760791 0.686038 0.071170 0.014445 0.843603 0.532034
228 1624934516.229919 -11.823767 13.099748 0.683751 0.067010 0.015689 0.800714 0.595080
229 1624934516.629387 -11.949597 13.461138 0.667428 0.063804 0.013670 0.757483 0.649586
230 1624934517.028851 -12.057701 13.819853 0.692496 0.047520 0.016436 0.771864 0.633797
231 1624934517.330127 -12.149400 14.082087 0.662604 0.057172 0.009057 0.808697 0.585370
232 1624934517.730983 -12.361508 14.358146 0.701394 0.074236 -0.002211 0.854027 0.514900
233 1624934518.130411 -12.609364 14.592490 0.715212 0.063983 -0.012322 0.909031 0.411603
234 1624934518.529879 -12.911633 14.775378 0.739574 0.060926 -0.017653 0.947643 0.312970
235 1624934518.831148 -13.191712 14.880723 0.756557 0.070922 -0.014575 0.962784 0.260395
236 1624934519.229318 -13.554363 14.907768 0.773684 0.065564 0.003947 0.983235 0.170104
237 1624934519.530641 -13.874240 14.988590 0.787774 0.062758 0.011086 0.991969 0.109250
238 1624934519.930063 -14.285262 15.027060 0.809148 0.072004 0.005622 0.994611 0.074377
239 1624934520.329540 -14.685729 15.062488 0.872571 0.064997 0.022490 0.996019 0.056699
240 1624934520.730353 -15.085287 15.099177 0.905287 0.076549 0.000360 0.996920 0.017043
241 1624934521.131126 -15.505515 15.072164 0.899138 0.067287 0.003343 0.997672 0.010604
242 1624934521.529389 -15.917790 15.050548 0.922403 0.052447 -0.003430 0.998550 0.011665
243 1624934521.830604 -16.263123 15.062606 0.966690 0.047709 0.002136 0.998854 -0.003173
244 1624934521.930163 -16.362729 15.061759 0.982667 0.046181 -0.005067 0.998906 -0.005372
245 1624934522.230036 -16.693938 15.033313 0.968775 0.048312 0.003429 0.998811 -0.005505
246 1624934522.529964 -17.044866 15.009243 1.017442 0.037848 0.006347 0.999240 0.006769
247 1624934522.729088 -17.270527 15.008908 1.008068 0.038665 -0.001981 0.999250 -0.000167
248 1624934522.929471 -17.498971 15.013477 1.024349 0.044771 0.002059 0.998739 -0.022622
249 1624934523.030326 -17.609925 15.003320 1.027365 0.036989 -0.000759 0.998771 -0.032988
250 1624934523.331623 -17.939168 14.951864 1.020781 0.041478 0.002700 0.998438 -0.037340
251 1624934523.530720 -18.157880 14.902879 1.025651 0.031404 0.000662 0.999251 -0.022589
252 1624934523.729743 -18.335017 14.914256 1.026529 0.026712 0.004088 0.999165 -0.030657
253 1624934523.829256 -18.448461 14.893199 1.004887 0.028643 -0.007167 0.998415 -0.047923
254 1624934524.130530 -18.762239 14.847887 1.018481 0.030649 -0.011957 0.994936 -0.094976
255 1624934524.530067 -19.141170 14.733038 1.045876 0.028119 -0.021782 0.989538 -0.139817
256 1624934524.929487 -19.406241 14.568943 0.983962 0.023723 -0.018078 0.972518 -0.230910
257 1624934525.229432 -19.534313 14.425158 1.027750 0.041394 -0.030038 0.942565 -0.330085
258 1624934525.631608 -19.748331 14.123223 1.040057 0.037395 -0.027003 0.879334 -0.473966
259 1624934526.031080 -19.790669 13.793081 1.030218 -0.030651 0.018444 -0.810474 0.584682
260 1624934526.331015 -19.873950 13.518811 1.012400 -0.019726 0.033378 -0.764102 0.643929
261 1624934526.730480 -19.937438 13.155116 1.005732 -0.014198 0.033945 -0.736298 0.675657
262 1624934527.030503 -19.897340 12.869212 1.003739 -0.015962 0.040556 -0.731777 0.680150
263 1624934527.429904 -19.854807 12.460599 0.967518 0.004466 0.042311 -0.708782 0.704143
264 1624934527.731215 -19.829103 12.160387 0.987162 0.007341 0.056413 -0.698668 0.713181
265 1624934528.130653 -19.792761 11.734253 0.964617 0.028409 0.053197 -0.721676 0.689599
266 1624934528.528821 -19.748242 11.327016 0.997199 0.009079 0.052939 -0.705562 0.706610
267 1624934528.831408 -19.743038 10.993616 1.021262 -0.011225 0.050929 -0.689551 0.722357
268 1624934529.230863 -19.711428 10.560831 1.042422 -0.032758 0.037057 -0.692605 0.719620
269 1624934529.429947 -19.672882 10.354051 1.004062 -0.039536 0.030858 -0.692069 0.720087
270 1624934529.830781 -19.669519 9.914151 0.966266 -0.049651 0.032248 -0.688555 0.722763
271 1624934530.231571 -19.650148 9.476047 0.936007 -0.047260 0.031235 -0.702655 0.709272
272 1624934530.430625 -19.608640 9.258154 0.943131 -0.022894 0.026786 -0.700755 0.712531
273 1624934530.830101 -19.591939 8.802522 0.977881 -0.031901 0.029827 -0.691396 0.721155
274 1624934531.030509 -19.584660 8.583518 0.953184 -0.032796 0.033123 -0.689790 0.722507
275 1624934531.431341 -19.537290 8.145392 0.933122 -0.034126 0.037091 -0.706045 0.706371
276 1624934531.530870 -19.525488 8.031685 0.969773 -0.036071 0.036015 -0.705616 0.706759
277 1624934531.630414 -19.527783 7.925645 0.938092 -0.045992 0.033602 -0.703524 0.708386
278 1624934531.829517 -19.519607 7.702626 0.932375 -0.040558 0.039588 -0.697329 0.714507
279 1624934532.130751 -19.510412 7.360367 0.918608 -0.034874 0.041797 -0.689656 0.722089
280 1624934532.531598 -19.465460 6.898183 0.908130 -0.024296 0.054599 -0.703916 0.707764
281 1624934532.931057 -19.426427 6.448252 0.862960 -0.027036 0.047157 -0.693227 0.718667
282 1624934533.331877 -19.422077 5.965190 0.863363 -0.024071 0.050061 -0.692750 0.719035
283 1624934533.729986 -19.391577 5.548354 0.872598 -0.013489 0.032889 -0.699449 0.713798
284 1624934534.130817 -19.390809 5.067006 0.868960 -0.014845 0.043760 -0.689698 0.722622
285 1624934534.531626 -19.371669 4.574742 0.860432 -0.025377 0.044208 -0.689489 0.722500
286 1624934534.929756 -19.351585 4.130162 0.829074 -0.013579 0.038752 -0.679253 0.732755
287 1624934535.231039 -19.336264 3.757439 0.824668 -0.014557 0.050746 -0.674702 0.736199
288 1624934535.630509 -19.324826 3.293316 0.778297 -0.013528 0.057793 -0.695818 0.715761
289 1624934536.030019 -19.278768 2.816895 0.792384 -0.009661 0.054010 -0.690319 0.721422
290 1624934536.331294 -19.275518 2.436528 0.788336 -0.009731 0.055637 -0.681439 0.729692
291 1624934536.631464 -19.235266 2.067645 0.778624 -0.016593 0.059655 -0.692925 0.718346
292 1624934537.030692 -19.202806 1.581355 0.747767 -0.015255 0.058715 -0.694215 0.717206
293 1624934537.431510 -19.185415 1.083053 0.750985 -0.010213 0.054247 -0.687202 0.724366
294 1624934537.830997 -19.163052 0.591989 0.717832 -0.012681 0.060110 -0.702017 0.709506
295 1624934538.230456 -19.170812 0.105692 0.761949 -0.015343 0.067386 -0.697518 0.713227
296 1624934538.631259 -19.127648 -0.372741 0.716351 -0.011072 0.061389 -0.693686 0.717571
297 1624934539.030744 -19.083687 -0.846108 0.733366 -0.020986 0.045476 -0.697124 0.715199
298 1624934539.330760 -19.104602 -1.214547 0.709943 -0.026140 0.050474 -0.681803 0.729324
299 1624934539.631964 -19.104885 -1.595889 0.695375 -0.026639 0.060710 -0.686179 0.724405
300 1624934540.031565 -19.030095 -2.064261 0.702950 -0.024357 0.051835 -0.700753 0.711102
301 1624934540.430907 -19.025216 -2.552437 0.690709 -0.023408 0.048688 -0.684360 0.727140
302 1624934540.732221 -19.008339 -2.945307 0.685747 -0.036127 0.045493 -0.689285 0.722158
303 1624934541.032767 -18.985442 -3.292658 0.686454 -0.030128 0.033306 -0.706718 0.706068
304 1624934541.130351 -18.974601 -3.398771 0.681603 -0.027563 0.026949 -0.712299 0.700816
305 1624934541.531160 -18.998927 -3.879298 0.682800 -0.035064 0.024045 -0.723481 0.689034
306 1624934541.831207 -18.979167 -4.241693 0.689617 -0.043491 0.019663 -0.766613 0.640333
307 1624934542.230556 -18.996217 -4.615999 0.688109 -0.032357 0.013211 -0.794016 0.606892
308 1624934542.632728 -19.096919 -5.018132 0.696426 -0.039222 0.014345 -0.853303 0.519741
309 1624934543.030881 -19.250687 -5.284766 0.705997 0.038573 0.009457 0.939150 -0.341205
310 1624934543.329478 -19.422946 -5.379431 0.692711 0.032241 0.004878 0.971955 -0.232896
311 1624934543.630767 -19.670866 -5.450857 0.712307 0.038751 0.009393 0.986742 -0.157320
312 1624934543.932008 -19.929739 -5.541122 0.752406 0.037952 0.008920 0.994791 -0.094190
313 1624934544.331516 -20.302083 -5.623747 0.775055 0.037413 0.009950 0.998602 -0.035996
314 1624934544.831861 -20.833720 -5.737767 0.800425 0.027638 -0.008654 0.999202 -0.027516
315 1624934545.131783 -21.158116 -5.814381 0.816688 0.029120 0.007081 0.999518 0.008144
316 1624934545.630809 -21.652331 -5.876274 0.891379 0.049497 0.009888 0.997839 0.042067
317 1624934546.031651 -22.103405 -5.876133 0.905234 0.049737 0.007176 0.996568 0.065785
318 1624934546.431109 -22.562281 -5.852883 0.944901 0.043753 0.012775 0.993571 0.103632
319 1624934546.931463 -23.137109 -5.788201 0.943501 0.045243 0.010849 0.994690 0.091795
320 1624934547.232695 -23.503575 -5.752001 0.995987 0.048670 -0.002340 0.993139 0.106307
321 1624934547.630920 -23.962820 -5.726663 1.001040 0.032662 0.006054 0.993811 0.106005
322 1624934548.031685 -24.431535 -5.617027 1.085644 0.044864 -0.000680 0.995667 0.081443
323 1624934548.530681 -25.024599 -5.552458 1.107341 0.038969 0.005867 0.995879 0.081683
324 1624934549.031065 -25.612291 -5.475581 1.151123 0.043137 0.003983 0.998951 0.014815
325 1624934549.332340 -25.951271 -5.466631 1.155929 0.034095 0.006887 0.999387 -0.003890
326 1624934549.730497 -26.359796 -5.473008 1.214032 0.047451 0.003492 0.998699 -0.018370
327 1624934549.930936 -26.559833 -5.485966 1.216207 0.062113 0.002134 0.997133 -0.043171
328 1624934550.232127 -26.856576 -5.527841 1.255372 0.051401 -0.022370 0.994431 -0.089242
329 1624934550.630307 -27.166198 -5.664551 1.269509 0.072640 -0.026546 0.978226 -0.192593
330 1624934550.931863 -27.362608 -5.825601 1.277960 0.084790 -0.041741 0.940598 -0.326105
331 1624934551.332366 -27.549413 -6.094539 1.324141 0.078656 -0.051525 0.882143 -0.461500
332 1624934551.832740 -27.615192 -6.498590 1.342729 -0.068469 0.028208 -0.813013 0.577518
333 1624934552.232201 -27.605472 -6.856880 1.329517 -0.067950 0.029735 -0.778324 0.623466
334 1624934552.631716 -27.554265 -7.269181 1.306101 -0.050801 0.029317 -0.752727 0.655715
335 1624934553.031174 -27.483870 -7.681990 1.317358 -0.037395 0.016502 -0.745442 0.665316
336 1624934553.531573 -27.462922 -8.232270 1.283491 -0.031465 0.021628 -0.717744 0.695260
337 1624934553.932304 -27.407669 -8.678792 1.274445 -0.026427 0.015951 -0.723178 0.689972
338 1624934554.431339 -27.360777 -9.196815 1.268410 -0.040760 0.018399 -0.716866 0.695775
339 1624934554.832167 -27.291926 -9.671128 1.258760 -0.050195 0.031163 -0.712117 0.699570
340 1624934555.231652 -27.200690 -10.071809 1.267550 -0.058358 0.021543 -0.711239 0.700193
341 1624934555.731990 -27.083145 -10.657075 1.266542 -0.049275 0.008585 -0.692844 0.719351
342 1624934556.232358 -26.957750 -11.196206 1.248303 -0.037474 0.011411 -0.710083 0.703028
343 1624934556.731343 -26.864814 -11.753356 1.238567 -0.048534 0.005752 -0.680275 0.731326
344 1624934557.032655 -26.772435 -12.089002 1.177622 -0.054751 0.000101 -0.671088 0.739353
345 1624934557.430836 -26.634552 -12.425841 1.183456 -0.052456 0.003690 -0.611191 0.789735
346 1624934557.832907 -26.392504 -12.793908 1.187415 -0.036734 0.013146 -0.485174 0.873547
347 1624934557.933789 -26.308259 -12.879863 1.153216 -0.038405 0.021306 -0.465881 0.883757
348 1624934558.132847 -26.151235 -13.008926 1.146628 -0.040467 0.012595 -0.433100 0.900349
349 1624934558.631892 -25.793072 -13.262778 1.112289 -0.025054 0.018038 -0.338069 0.940615
350 1624934559.132255 -25.375018 -13.403015 1.090187 -0.022507 0.019996 -0.231130 0.972457
351 1624934559.531734 -25.027257 -13.403096 1.064255 -0.011983 0.018649 -0.161867 0.986564
352 1624934559.932545 -24.688957 -13.401078 1.012029 -0.002954 0.012157 -0.066250 0.997725
353 1624934560.432862 -24.282377 -13.294359 0.989639 -0.004868 0.015422 0.034004 0.999291
354 1624934560.831079 -24.041774 -13.131299 0.959779 0.001223 0.017899 0.146451 0.989055
355 1624934561.231833 -23.804108 -12.903041 0.980709 0.003251 0.004490 0.303995 0.952657
356 1624934561.632670 -23.625337 -12.585862 0.991735 0.014195 -0.004486 0.413219 0.910510
357 1624934562.131671 -23.489945 -12.230965 0.960392 0.008160 0.016065 0.492063 0.870373
358 1624934562.532503 -23.453132 -11.953338 0.981592 -0.004301 -0.010102 0.559474 0.828775
359 1624934562.933300 -23.449841 -11.632010 0.993335 0.006225 0.006669 0.590307 0.807127
360 1624934563.432312 -23.429766 -11.204674 0.947368 0.011139 0.022397 0.642520 0.765861
361 1624934563.833106 -23.428234 -10.809862 0.955608 0.006067 0.020330 0.678089 0.734674
362 1624934564.232617 -23.458703 -10.389743 0.992559 0.018660 0.008754 0.685412 0.727863
363 1624934564.632116 -23.492208 -10.019359 1.016776 0.014395 -0.017460 0.711347 0.702477
364 1624934564.933403 -23.554978 -9.652679 0.983332 0.006267 -0.005823 0.721646 0.692209
365 1624934565.332853 -23.622183 -9.220473 1.017941 0.023514 0.012787 0.701998 0.711675
366 1624934565.732422 -23.645629 -8.802873 0.991688 0.020857 0.023250 0.699910 0.713548
367 1624934566.232688 -23.709226 -8.218675 1.002925 0.010552 0.018340 0.683087 0.730031
368 1624934566.632187 -23.730658 -7.832076 0.960210 0.013797 0.030260 0.675473 0.736634
369 1624934566.933428 -23.737223 -7.492819 1.050789 0.027829 0.004615 0.667957 0.743665
370 1624934567.332954 -23.715516 -7.059718 1.033659 0.026515 0.003428 0.568453 0.822281
371 1624934567.831913 -23.519228 -6.644047 1.019906 0.020772 0.009232 0.479530 0.877231
372 1624934568.333620 -23.210377 -6.207959 0.987382 0.019814 0.026542 0.333066 0.942322
373 1624934568.630911 -22.959824 -6.080968 0.970876 0.012144 0.040815 0.229779 0.972311
374 1624934569.033046 -22.568187 -5.948646 0.957067 0.019448 0.030500 0.165641 0.985522
375 1624934569.433868 -22.145204 -5.850438 0.901773 0.007800 0.020724 0.076581 0.996817
376 1624934569.931569 -21.652131 -5.805804 0.873184 0.010843 0.041113 0.047022 0.997989
377 1624934570.333718 -21.220613 -5.746566 0.845099 -0.003814 0.043107 0.047101 0.997952
378 1624934570.832705 -20.689060 -5.696154 0.826050 -0.002991 0.044561 0.008694 0.998964
379 1624934571.132659 -20.374036 -5.696405 0.813097 -0.013071 0.028152 -0.001147 0.999518
380 1624934571.533579 -19.904368 -5.668394 0.776542 -0.016580 0.022836 -0.015767 0.999477
381 1624934571.933036 -19.460134 -5.639304 0.736277 -0.006509 0.013538 -0.033965 0.999310
382 1624934572.332439 -19.024087 -5.623362 0.711503 0.000922 0.013767 -0.009174 0.999863
383 1624934572.633684 -18.652001 -5.604522 0.650477 -0.002110 0.021253 -0.014508 0.999667
384 1624934573.031826 -18.235056 -5.565726 0.637104 -0.000775 0.034731 -0.013149 0.999310
385 1624934573.232259 -18.010990 -5.573784 0.605586 -0.002557 0.027134 0.003332 0.999623
386 1624934573.633082 -17.580665 -5.548157 0.597043 -0.006301 0.021076 0.015421 0.999639
387 1624934574.132214 -17.016249 -5.499145 0.556147 0.002605 0.029436 -0.010462 0.999509
388 1624934574.432084 -16.661195 -5.500191 0.517140 0.003691 0.020696 0.010659 0.999722
389 1624934574.733315 -16.285434 -5.474780 0.504989 0.005739 0.029753 0.023981 0.999253
390 1624934575.132892 -15.812588 -5.455309 0.494547 -0.000169 0.023351 0.002383 0.999724
391 1624934575.532270 -15.342317 -5.441372 0.428707 0.004112 0.012918 0.029162 0.999483
392 1624934575.833571 -14.954715 -5.400847 0.383139 0.009858 0.019808 0.026257 0.999410
393 1624934576.233037 -14.495699 -5.325806 0.356421 0.008522 0.025110 0.028943 0.999229
394 1624934576.733389 -13.892914 -5.254765 0.312150 0.014186 0.033107 0.051651 0.998015
395 1624934577.232424 -13.365506 -5.124836 0.266431 0.018149 0.036863 0.018903 0.998977
396 1624934577.633248 -12.963810 -5.043971 0.203931 0.010323 0.022136 0.050276 0.998437
397 1624934578.034035 -12.561938 -4.914483 0.189048 0.011100 0.030336 0.110186 0.993386
398 1624934578.334114 -12.295751 -4.779875 0.223704 0.019140 0.022526 0.171351 0.984767
399 1624934578.832994 -11.951113 -4.462376 0.195591 0.003391 -0.000748 0.318541 0.947903
400 1624934579.134289 -11.775765 -4.242286 0.177872 -0.012053 -0.003116 0.391053 0.920284
401 1624934579.533784 -11.653008 -3.901481 0.241723 0.005616 -0.000827 0.494204 0.869327
402 1624934579.933249 -11.493012 -3.555501 0.274131 0.009363 -0.011812 0.591198 0.806386
403 1624934580.234475 -11.420741 -3.290219 0.223010 0.017139 -0.001656 0.640036 0.768152
404 1624934580.733544 -11.370449 -2.825954 0.231719 0.028684 0.012144 0.690761 0.722412
405 1624934581.233876 -11.343150 -2.318778 0.241510 0.014369 0.023189 0.724923 0.688289
406 1624934581.732918 -11.422360 -1.804678 0.247541 0.020493 0.030725 0.712828 0.700366
407 1624934582.233265 -11.484593 -1.246268 0.288401 0.022097 0.027845 0.722520 0.690435
408 1624934582.533271 -11.530142 -0.921670 0.298856 0.007178 0.026453 0.719669 0.693776
409 1624934582.932711 -11.572482 -0.507362 0.368533 0.000736 0.034482 0.712000 0.701332
410 1624934583.333521 -11.626367 -0.098742 0.400336 0.008145 0.021341 0.734470 0.678257
411 1624934583.734329 -11.703465 0.383264 0.449869 0.006673 0.013147 0.725552 0.688009
412 1624934584.233318 -11.767699 0.921001 0.516171 0.016204 0.032130 0.720427 0.692597
413 1624934584.533320 -11.789380 1.307462 0.559162 0.016344 0.030362 0.730806 0.681713
414 1624934584.834532 -11.817693 1.669080 0.606232 0.011552 0.027235 0.720893 0.692415
415 1624934585.232709 -11.842652 2.105395 0.577752 0.002448 0.033866 0.719862 0.693286
416 1624934585.534033 -11.822338 2.451019 0.586138 0.002506 0.031550 0.729204 0.683564
417 1624934585.934800 -11.829366 2.946882 0.585964 0.008125 0.025259 0.722446 0.690918
418 1624934586.433799 -11.808510 3.523832 0.591215 0.016990 0.017625 0.734604 0.678055
419 1624934586.834649 -11.799052 3.989955 0.590546 0.003045 0.018566 0.748011 0.663419
420 1624934587.234147 -11.797887 4.487774 0.546169 0.007154 0.025916 0.744836 0.666706
421 1624934587.633628 -11.799728 4.951050 0.505076 0.011166 0.027918 0.748894 0.662007
422 1624934587.934888 -11.832308 5.302439 0.505211 0.005516 0.023535 0.742520 0.669388
423 1624934588.432583 -11.878710 5.884243 0.508383 0.005657 0.031215 0.727210 0.685682
424 1624934588.733839 -11.871224 6.233148 0.501116 0.000500 0.033920 0.742603 0.668872
425 1624934589.035132 -11.911431 6.611058 0.488315 0.001113 0.036859 0.726806 0.685852
426 1624934589.433267 -11.917063 7.065587 0.521584 0.002076 0.044229 0.721213 0.691297
427 1624934589.834082 -11.899218 7.486302 0.547354 0.009826 0.043333 0.734439 0.677219
428 1624934590.234923 -11.909651 7.937488 0.558623 0.031161 0.029000 0.710474 0.702435
429 1624934590.633036 -11.885182 8.369564 0.544216 0.048917 0.022616 0.702436 0.709704
430 1624934590.934349 -11.838530 8.712466 0.525728 0.046850 0.035103 0.723350 0.687996
431 1624934591.333806 -11.875869 9.147582 0.516568 0.054650 0.028422 0.717773 0.693547
432 1624934591.733390 -11.895128 9.586107 0.517835 0.061481 0.027680 0.742920 0.665976
433 1624934592.034611 -11.875365 9.877001 0.543648 0.052742 0.023746 0.757347 0.650446
434 1624934592.533585 -11.926691 10.368164 0.571312 0.065999 0.031744 0.766027 0.638623
435 1624934593.033919 -11.923893 10.834989 0.563672 0.081642 0.038173 0.821005 0.563763
436 1624934593.434782 -11.951411 11.187148 0.608912 0.087933 0.050629 0.866618 0.488547
437 1624934593.734806 -11.955705 11.404033 0.648945 0.108769 0.054449 0.892796 0.433729
438 1624934594.134208 -11.918721 11.674733 0.665483 0.114092 0.040526 0.947330 0.296491
439 1624934594.435466 -11.959280 11.842169 0.703434 0.116991 0.045049 0.972809 0.194748
440 1624934594.833666 -12.008217 11.998237 0.671802 0.120955 0.016389 0.987898 0.095700
441 1624934595.234454 -12.051516 12.105483 0.690014 0.107825 -0.002738 0.994024 -0.016835
442 1624934595.635301 -12.086812 12.210096 0.724012 0.106631 -0.005499 0.992296 -0.062837
443 1624934596.134346 -12.185990 12.267619 0.716315 0.106588 -0.012421 0.991520 -0.073305
444 1624934596.533789 -12.239226 12.299281 0.757700 0.106423 -0.008524 0.992020 -0.067061
445 1624934596.933259 -12.163076 12.330887 0.761767 0.076239 0.018005 0.995333 -0.056358
446 1624934597.235845 -12.305525 12.332570 0.741220 0.081523 0.016179 0.996521 -0.006193
447 1624934597.434911 -12.304142 12.390995 0.727097 0.075226 0.007887 0.993721 0.082441
448 1624934597.834624 -12.297910 12.569567 0.744290 0.046931 0.007835 0.961523 0.270573
449 1624934598.134354 -12.307520 12.730121 0.660652 0.042249 0.003674 0.916743 0.397221
450 1624934598.533847 -12.309769 12.966466 0.718553 0.051730 0.008795 0.859106 0.509101
451 1624934598.934671 -12.304282 13.291212 0.691322 0.042805 0.001044 0.814115 0.579123
452 1624934599.435091 -12.245875 13.710089 0.668327 0.045660 0.004287 0.791516 0.609425
453 1624934599.834517 -12.247671 14.041032 0.687619 0.039474 0.016358 0.798194 0.600883
454 1624934600.235316 -12.285497 14.375590 0.643874 0.041776 0.008381 0.837642 0.544555
455 1624934600.734374 -12.450839 14.714051 0.619535 0.038683 0.000328 0.890989 0.452374
456 1624934601.234662 -12.678110 14.952743 0.653925 0.039199 -0.010839 0.951165 0.305991
457 1624934601.635468 -12.913808 15.138480 0.654827 0.044314 -0.025487 0.983600 0.172967
458 1624934602.135856 -13.320838 15.255147 0.716537 0.037486 -0.025532 0.996604 0.068721
459 1624934602.634864 -13.711743 15.304757 0.716002 0.050617 -0.030102 0.998045 0.020915
460 1624934603.034393 -14.083708 15.302001 0.770985 0.044212 -0.028440 0.998515 -0.014312
461 1624934603.335660 -14.356459 15.256801 0.796099 0.056816 -0.021008 0.998163 -0.001416
462 1624934603.834661 -14.782794 15.240802 0.790253 0.043963 -0.012913 0.998270 -0.036842
463 1624934604.135942 -15.051072 15.225647 0.819187 0.044756 -0.017018 0.997242 -0.056702
464 1624934604.634971 -15.461303 15.173587 0.870834 0.045895 -0.008432 0.997472 -0.053602
465 1624934605.035750 -15.768837 15.175755 0.855447 0.050435 -0.003900 0.995987 -0.073831
466 1624934605.435267 -15.992433 15.161607 0.852073 0.038626 -0.001558 0.998550 -0.037469
467 1624934605.534861 -16.001580 15.165283 0.864932 0.043197 0.001990 0.998892 -0.018563
468 1624934605.733865 -15.997731 15.174101 0.860972 0.055390 -0.003850 0.998367 -0.013467
469 1624934606.134729 -15.993742 15.167096 0.874056 0.049748 -0.015171 0.997541 -0.046978
470 1624934606.435949 -15.979908 15.174576 0.866586 0.054225 -0.011049 0.996387 -0.064417
471 1624934606.735998 -15.963686 15.171639 0.869028 0.061092 -0.015328 0.995334 -0.073091
472 1624934607.135418 -15.960801 15.179821 0.862524 0.057881 -0.011235 0.994452 -0.087112
473 1624934607.536203 -15.992477 15.180993 0.868798 0.038985 -0.006740 0.995366 -0.087647
474 1624934607.934408 -16.012570 15.170770 0.871080 0.045223 -0.006315 0.997590 -0.052236
475 1624934608.335211 -16.010406 15.207355 0.870518 0.034947 -0.005241 0.996943 -0.069684
476 1624934608.736053 -16.016060 15.227113 0.858005 0.045573 0.001423 0.993982 -0.099603
477 1624934609.235058 -16.021551 15.242458 0.856851 0.053490 0.003760 0.990621 -0.125675
478 1624934609.635830 -16.025927 15.231242 0.851229 0.054782 -0.000310 0.990687 -0.124651
479 1624934610.035340 -16.028555 15.230343 0.842229 0.051550 -0.014668 0.991080 -0.122014
480 1624934610.434824 -16.035450 15.226599 0.838696 0.049834 -0.019066 0.991770 -0.116386
481 1624934610.835599 -16.038644 15.230333 0.853074 0.056024 -0.015712 0.992433 -0.108127
482 1624934611.235136 -16.040336 15.233606 0.846996 0.054866 -0.015937 0.993450 -0.098955
483 1624934611.635956 -16.039618 15.232134 0.849582 0.051140 -0.016788 0.993315 -0.102116
484 1624934612.035380 -16.041519 15.230460 0.848990 0.049081 -0.018857 0.993178 -0.104086
485 1624934612.535771 -16.045624 15.225722 0.861801 0.054011 -0.016587 0.993022 -0.103515
486 1624934613.036107 -16.044566 15.228614 0.856326 0.051173 -0.019136 0.993053 -0.104220
487 1624934613.435619 -16.035396 15.218715 0.855573 0.048250 -0.021205 0.992988 -0.105812
488 1624934613.835087 -16.033298 15.222914 0.852956 0.046023 -0.023428 0.992681 -0.109169
