0 1644492679.969513 -0.001520 -0.000015 -0.000847 -0.000133 -0.000783 -0.707004 0.707209
1 1644492680.070414 -0.003371 0.011446 -0.007569 -0.000559 -0.000215 -0.707487 0.706726
2 1644492680.372991 0.001360 0.020811 -0.012462 -0.002261 -0.001367 -0.708408 0.705798
3 1644492680.675545 0.007327 0.028912 -0.012479 -0.002339 -0.001128 -0.708900 0.705304
4 1644492680.978156 0.007311 0.033540 0.005416 -0.001792 0.000334 -0.709147 0.705058
5 1644492681.280789 0.006777 0.036332 0.001106 -0.002528 -0.000392 -0.709373 0.704829
6 1644492681.583330 0.007598 0.037709 0.002297 -0.001190 0.001136 -0.709203 0.705002
7 1644492681.684172 0.009623 0.040242 0.004648 -0.001632 0.001742 -0.709395 0.704807
8 1644492681.785054 0.012080 0.038827 -0.000523 -0.001652 0.000901 -0.709277 0.704928
9 1644492682.087626 0.009102 0.044531 0.000572 -0.002312 0.001428 -0.709735 0.704464
10 1644492682.188468 0.015667 0.046957 0.006406 -0.001381 0.001566 -0.709821 0.704379
11 1644492682.289370 0.014012 0.048150 -0.000111 -0.001453 0.001380 -0.709917 0.704282
12 1644492682.591936 0.014200 0.048391 0.007564 -0.001432 0.001337 -0.709931 0.704268
13 1644492682.692801 0.014062 0.046508 0.003807 -0.001336 0.001943 -0.709889 0.704309
14 1644492682.995390 0.009584 0.054671 0.017025 -0.000603 0.004038 -0.710032 0.704157
15 1644492683.096228 0.007910 0.051653 0.005498 -0.001801 0.001604 -0.709982 0.704216
16 1644492683.197144 0.007356 0.050891 0.007471 -0.001162 0.002372 -0.709679 0.704520
17 1644492683.398869 0.009624 0.051538 0.006332 -0.002312 0.000772 -0.709857 0.704342
18 1644492683.701385 0.007682 0.049243 0.002231 -0.001590 0.002412 -0.709724 0.704474
19 1644492684.004012 0.009106 0.050400 0.007798 -0.002086 0.002319 -0.709969 0.704226
20 1644492684.306620 0.012017 0.055631 0.017172 -0.000840 0.003244 -0.710088 0.704105
21 1644492684.609366 0.009702 0.058162 0.012402 -0.000749 0.003158 -0.710104 0.704090
22 1644492684.911722 0.010631 0.059255 0.008458 -0.001098 0.002774 -0.710260 0.703933
23 1644492685.113518 0.009782 0.055748 0.001896 -0.001797 0.001586 -0.710133 0.704063
24 1644492685.214358 0.010340 0.055961 0.005409 -0.001283 0.002022 -0.709993 0.704205
25 1644492685.315212 0.011844 0.054319 0.002061 -0.001746 0.001710 -0.709949 0.704249
26 1644492685.416241 0.010317 0.053055 0.008229 -0.001556 0.002077 -0.709914 0.704284
27 1644492685.516887 0.007089 0.056428 0.000509 -0.001865 0.001364 -0.709944 0.704254
28 1644492685.617785 0.013161 0.058523 0.006032 -0.001488 0.001903 -0.710132 0.704065
29 1644492685.920327 0.010077 0.056791 0.002465 -0.001043 0.001895 -0.709908 0.704291
30 1644492686.223547 0.012404 0.056837 0.002135 -0.001496 0.001574 -0.710195 0.704001
31 1644492686.323768 0.012512 0.056363 -0.000585 -0.001475 0.001097 -0.710131 0.704068
32 1644492686.424653 0.014243 0.059677 0.005272 -0.001179 0.002270 -0.710327 0.703868
33 1644492686.727271 0.011150 0.063067 0.008764 -0.000885 0.002507 -0.710370 0.703823
34 1644492687.029778 0.015983 0.061208 0.012816 -0.000642 0.002883 -0.710356 0.703836
35 1644492687.332361 0.013837 0.066365 0.013416 -0.000437 0.003479 -0.710564 0.703623
36 1644492687.634941 0.013647 0.063067 0.012051 -0.000282 0.002760 -0.710407 0.703786
37 1644492687.937606 0.011485 0.059713 0.010831 -0.000392 0.001983 -0.709976 0.704223
38 1644492688.240192 0.014168 0.060928 0.008447 -0.000168 0.002616 -0.710064 0.704132
39 1644492688.542775 0.013359 0.060419 0.001314 -0.001260 0.000973 -0.710087 0.704112
40 1644492688.643595 0.009586 0.061624 0.006330 -0.000757 0.001330 -0.709904 0.704297
41 1644492688.946177 0.008849 0.060342 0.010123 -0.000394 0.002521 -0.709901 0.704297
42 1644492689.248769 0.009770 0.061176 0.014462 0.000242 0.002965 -0.709927 0.704269
43 1644492689.551339 0.010936 0.064946 0.017085 -0.000142 0.003237 -0.710140 0.704053
44 1644492689.853922 0.016589 0.068731 0.016945 0.000351 0.002715 -0.710479 0.703713
45 1644492690.156464 0.014545 0.065794 0.016626 -0.000537 0.002261 -0.710099 0.704098
46 1644492690.459121 0.014647 0.066927 0.016467 -0.000601 0.002170 -0.710138 0.704059
47 1644492690.761706 0.014161 0.062221 0.012867 -0.000613 0.000870 -0.709842 0.704360
48 1644492691.064258 0.011839 0.065684 0.022643 -0.001227 0.001916 -0.709896 0.704303
49 1644492691.366859 0.013568 0.065953 0.020531 -0.000707 0.001416 -0.710034 0.704165
50 1644492691.669406 0.013224 0.066715 0.021401 0.000283 0.001552 -0.709972 0.704228
51 1644492691.972040 0.014292 0.066752 0.022920 0.000160 0.002311 -0.710081 0.704116
52 1644492692.274590 0.011400 0.066184 0.020109 -0.001063 0.001709 -0.710045 0.704154
53 1644492692.577155 0.009691 0.065567 0.026582 -0.000367 0.002962 -0.709929 0.704267
54 1644492692.880136 0.012869 0.064397 0.030522 0.000176 0.002138 -0.709905 0.704294
55 1644492693.182308 0.015753 0.064408 0.021263 -0.000592 0.002124 -0.709957 0.704241
56 1644492693.484913 0.012745 0.063143 0.023763 -0.000131 0.001936 -0.709717 0.704484
57 1644492693.787488 0.012317 0.062030 0.020857 -0.000581 0.001584 -0.709763 0.704438
58 1644492694.090055 0.016844 0.065076 0.020906 -0.000253 0.002547 -0.709925 0.704272
59 1644492694.392667 0.019917 0.064648 0.023654 -0.000231 0.002593 -0.709789 0.704410
60 1644492694.695236 0.015186 0.064425 0.019702 0.000050 0.001748 -0.709621 0.704582
61 1644492694.997862 0.017723 0.068203 0.018770 -0.000165 0.002813 -0.709935 0.704262
62 1644492695.300387 0.013118 0.062186 0.025038 -0.000159 0.002076 -0.709661 0.704540
63 1644492695.602997 0.010696 0.063558 0.030995 0.000627 0.002934 -0.709754 0.704444
64 1644492695.905572 0.012215 0.064386 0.025592 0.000676 0.003351 -0.709743 0.704452
65 1644492696.208166 0.014152 0.063557 0.018936 0.000401 0.002104 -0.709651 0.704550
66 1644492696.510740 0.013931 0.062544 0.019522 -0.000171 0.002108 -0.709775 0.704425
67 1644492696.813282 0.018161 0.069483 0.023150 0.000081 0.003761 -0.710072 0.704119
68 1644492697.115958 0.018197 0.067266 0.024942 0.000221 0.003289 -0.710013 0.704181
69 1644492697.418475 0.016511 0.067871 0.024617 0.000584 0.002737 -0.709898 0.704299
70 1644492697.721049 0.010724 0.063272 0.022844 0.000671 0.002520 -0.709623 0.704576
71 1644492698.023653 0.016118 0.062702 0.028005 0.001414 0.002683 -0.709423 0.704776
72 1644492698.326234 0.014558 0.060887 0.022419 0.000610 0.003171 -0.709455 0.704744
73 1644492698.628813 0.016532 0.067008 0.024369 0.000605 0.002644 -0.709743 0.704456
74 1644492698.931377 0.013623 0.062649 0.023316 0.000407 0.002609 -0.709586 0.704614
75 1644492699.235149 0.015808 0.064086 0.021026 -0.000035 0.001576 -0.709620 0.704583
76 1644492699.536537 0.013999 0.060905 0.023110 0.000293 0.001365 -0.709443 0.704761
77 1644492699.839119 0.014858 0.067493 0.032133 0.000998 0.003973 -0.709569 0.704624
78 1644492700.141789 0.013817 0.068090 0.026708 0.001023 0.002587 -0.709656 0.704543
79 1644492700.444303 0.011316 0.067958 0.032710 0.000550 0.003970 -0.709770 0.704422
80 1644492700.746938 0.012274 0.067713 0.031984 0.000503 0.004171 -0.709676 0.704516
81 1644492701.049470 0.012366 0.062694 0.031472 0.000551 0.003241 -0.709406 0.704793
82 1644492701.352354 0.012345 0.063883 0.031879 0.000729 0.003337 -0.709555 0.704642
83 1644492701.654661 0.017171 0.065306 0.028546 0.000950 0.002070 -0.709542 0.704659
84 1644492701.957227 0.016403 0.067997 0.026999 0.000384 0.002690 -0.709725 0.704473
85 1644492702.259789 0.014490 0.065861 0.021315 0.000497 0.002559 -0.709668 0.704531
86 1644492702.562387 0.017889 0.064769 0.025213 0.000537 0.001819 -0.709580 0.704622
87 1644492702.865019 0.016489 0.069197 0.023723 0.001157 0.003292 -0.709611 0.704585
88 1644492703.167556 0.016249 0.064549 0.031176 0.001084 0.003654 -0.709640 0.704554
89 1644492703.470148 0.016841 0.061515 0.025989 0.000641 0.002385 -0.709678 0.704522
90 1644492703.772721 0.017624 0.062238 0.025265 -0.000091 0.003353 -0.709678 0.704518
91 1644492704.075331 0.010408 0.063549 0.026207 0.000845 0.001897 -0.709373 0.704830
92 1644492704.377928 0.017559 0.062789 0.022212 0.000152 0.001305 -0.709427 0.704777
93 1644492704.680463 0.017422 0.062141 0.028675 0.001344 0.002908 -0.709475 0.704723
94 1644492704.983051 0.015351 0.058345 0.023626 0.000793 0.001859 -0.709122 0.705083
95 1644492705.285669 0.015858 0.063738 0.025773 0.001296 0.002518 -0.709361 0.704839
96 1644492705.588261 0.017234 0.058919 0.020487 0.000514 0.002494 -0.709396 0.704805
97 1644492705.891668 0.015427 0.059481 0.019036 0.000476 0.002472 -0.709336 0.704866
98 1644492706.193342 0.022368 0.062920 0.019088 0.000688 0.002869 -0.709566 0.704633
99 1644492706.495965 0.015382 0.055657 0.011478 0.000350 0.001733 -0.709227 0.704977
100 1644492706.798522 0.015018 0.059883 0.012245 -0.000263 0.002315 -0.709514 0.704687
101 1644492707.101125 0.015988 0.058321 0.010954 0.000122 0.002591 -0.709348 0.704853
102 1644492707.403699 0.014956 0.062796 0.021197 0.000463 0.003516 -0.709474 0.704723
103 1644492707.706265 0.019517 0.067425 0.015970 0.000742 0.003215 -0.709727 0.704469
104 1644492708.008876 0.019916 0.062518 0.015907 0.000755 0.002974 -0.709640 0.704558
105 1644492708.311420 0.018588 0.067752 0.015203 0.000641 0.003747 -0.709781 0.704413
106 1644492708.614081 0.018993 0.063474 0.012129 0.000927 0.002070 -0.709505 0.704697
107 1644492708.916606 0.019376 0.063859 0.012502 0.000279 0.003001 -0.709665 0.704533
108 1644492709.219211 0.023200 0.063452 0.012598 0.000037 0.003563 -0.709495 0.704701
109 1644492709.521796 0.023658 0.065731 0.007467 0.000392 0.003095 -0.709526 0.704672
110 1644492709.824368 0.019690 0.065829 0.016492 0.000951 0.003663 -0.709471 0.704725
111 1644492710.126948 0.020458 0.064771 0.010357 0.000939 0.002518 -0.709281 0.704921
112 1644492710.429575 0.019431 0.064452 0.011554 0.000295 0.003277 -0.709369 0.704830
113 1644492710.732120 0.020244 0.066336 0.011885 0.001351 0.001850 -0.709268 0.704936
114 1644492711.034716 0.021357 0.065919 0.012603 0.001111 0.002686 -0.709308 0.704893
115 1644492711.135610 0.016300 0.059681 0.005582 0.001120 0.000622 -0.708887 0.705321
116 1644492711.236428 0.016074 0.063754 0.016081 0.001337 0.003094 -0.709226 0.704973
117 1644492711.539020 0.020881 0.064725 0.015931 0.001315 0.002746 -0.709140 0.705061
118 1644492711.841593 0.017228 0.062335 0.012993 0.001013 0.003047 -0.709027 0.705175
119 1644492712.144184 0.021339 0.064262 0.022233 0.001266 0.002766 -0.709296 0.704904
120 1644492712.446732 0.018707 0.062080 0.018338 0.000825 0.002885 -0.709205 0.704996
121 1644492712.749320 0.015590 0.063083 0.011271 0.001436 0.002088 -0.709137 0.705066
122 1644492713.051902 0.016842 0.063715 0.022796 0.001833 0.003403 -0.709193 0.705003
123 1644492713.354502 0.017919 0.065682 0.017710 0.001968 0.002507 -0.709290 0.704909
124 1644492713.657109 0.018201 0.063775 0.024766 0.002559 0.003244 -0.709064 0.705132
125 1644492713.858811 0.019913 0.065125 0.011481 0.002706 0.002576 -0.709284 0.704913
126 1644492714.161369 0.018996 0.062646 0.010757 0.001481 0.001152 -0.709358 0.704846
127 1644492714.363134 0.021343 0.062243 0.014573 0.002057 0.002463 -0.709316 0.704884
128 1644492714.665706 0.021941 0.064667 0.013315 0.001228 0.002325 -0.709455 0.704745
129 1644492714.968260 0.019380 0.066557 0.018805 0.001449 0.004115 -0.709461 0.704731
130 1644492715.270899 0.016589 0.059446 0.014375 0.001428 0.001792 -0.708935 0.705270
131 1644492715.573444 0.020879 0.066757 0.018954 0.002356 0.003470 -0.709359 0.704835
132 1644492715.876031 0.017651 0.061789 0.010879 0.000825 0.002041 -0.709198 0.705006
133 1644492716.178614 0.020101 0.064577 0.022091 0.001455 0.003789 -0.709186 0.705010
134 1644492716.279457 0.019320 0.062668 0.016422 0.002283 0.002290 -0.709075 0.705126
135 1644492716.481239 0.017754 0.064611 0.018611 0.002685 0.002551 -0.709237 0.704960
136 1644492716.682912 0.019251 0.064683 0.018480 0.002401 0.003219 -0.709333 0.704862
137 1644492716.985586 0.018813 0.065361 0.023664 0.002623 0.002877 -0.709274 0.704922
138 1644492717.086441 0.022961 0.061622 0.018030 0.002196 0.001847 -0.709224 0.704978
139 1644492717.388958 0.017696 0.060726 0.016757 0.003023 0.001125 -0.709225 0.704975
140 1644492717.691557 0.020342 0.060073 0.016668 0.004213 0.001317 -0.708998 0.705197
141 1644492717.994083 0.019210 0.060730 0.014177 0.003150 0.000858 -0.709172 0.705028
142 1644492718.296714 0.018488 0.066342 0.012868 0.002507 0.000834 -0.709453 0.704748
143 1644492718.599292 0.020316 0.068827 0.023356 0.002500 0.002179 -0.709500 0.704698
144 1644492718.901832 0.022540 0.071151 0.023133 0.002994 0.003016 -0.709667 0.704524
145 1644492719.204405 0.019754 0.069201 0.023294 0.002048 0.002978 -0.709644 0.704551
146 1644492719.506979 0.018410 0.068952 0.015499 0.001863 0.002308 -0.709730 0.704468
147 1644492719.809606 0.017677 0.065984 0.011147 0.001858 0.002237 -0.709497 0.704703
148 1644492720.011315 0.019116 0.065463 0.008392 0.001626 0.001108 -0.709487 0.704715
149 1644492720.112158 0.017419 0.065304 0.013021 0.001844 0.002558 -0.709501 0.704698
150 1644492720.213041 0.020772 0.068936 0.014146 0.002865 0.002615 -0.709667 0.704527
151 1644492720.313919 0.020740 0.068227 0.013846 0.002140 0.003234 -0.709719 0.704474
152 1644492720.414799 0.020166 0.066130 0.009311 0.002762 0.002323 -0.709611 0.704584
153 1644492720.515639 0.020292 0.069925 0.015376 0.002132 0.003173 -0.709693 0.704501
154 1644492720.818214 0.019370 0.068576 0.018864 0.003083 0.003837 -0.709586 0.704602
155 1644492721.020079 0.021251 0.070048 0.016448 0.002714 0.002567 -0.709737 0.704457
156 1644492721.221652 0.020020 0.070930 0.025115 0.002426 0.002904 -0.709644 0.704550
157 1644492721.423376 0.022487 0.071787 0.023077 0.003264 0.003152 -0.709784 0.704405
158 1644492721.625080 0.022570 0.074490 0.025261 0.002500 0.003040 -0.709983 0.704208
159 1644492721.826816 0.022506 0.068567 0.014496 0.002785 0.002195 -0.709562 0.704634
160 1644492722.129404 0.022545 0.068023 0.017687 0.002622 0.002575 -0.709711 0.704483
161 1644492722.432008 0.019447 0.068254 0.022549 0.002277 0.003399 -0.709580 0.704613
162 1644492722.633665 0.022212 0.072914 0.015810 0.002717 0.002406 -0.709918 0.704275
163 1644492722.734547 0.019686 0.072173 0.018361 0.002646 0.003252 -0.709740 0.704451
164 1644492723.037149 0.016447 0.074085 0.022267 0.002071 0.004000 -0.709922 0.704266
165 1644492723.339735 0.018316 0.071497 0.022691 0.001881 0.004477 -0.709881 0.704305
166 1644492723.642311 0.019685 0.070106 0.021480 0.001791 0.003557 -0.709944 0.704247
167 1644492723.944854 0.019311 0.070726 0.024124 0.001795 0.003998 -0.709995 0.704193
168 1644492724.247491 0.015819 0.070048 0.020309 0.001737 0.002937 -0.709755 0.704440
169 1644492724.550063 0.020310 0.071002 0.025536 0.001499 0.004592 -0.709891 0.704295
170 1644492724.852650 0.017545 0.067178 0.023636 0.001647 0.003949 -0.709743 0.704448
171 1644492725.155225 0.020696 0.068443 0.025625 0.001732 0.003279 -0.709804 0.704390
172 1644492725.457812 0.017392 0.066742 0.020632 0.001886 0.002375 -0.709575 0.704624
173 1644492725.760386 0.017554 0.061326 0.017370 0.000712 0.002979 -0.709345 0.704855
174 1644492726.063336 0.018253 0.064282 0.019096 0.001656 0.003444 -0.709388 0.704808
175 1644492726.365583 0.016395 0.062008 0.018724 0.002785 0.003186 -0.709120 0.705075
176 1644492726.668157 0.015190 0.062942 0.020244 0.002048 0.002707 -0.709215 0.704984
177 1644492726.970717 0.015999 0.067451 0.023144 0.002542 0.003358 -0.709530 0.704662
178 1644492727.273270 0.015993 0.064184 0.016833 0.001470 0.002656 -0.709619 0.704579
179 1644492727.576099 0.018391 0.066379 0.017260 0.001158 0.002944 -0.709535 0.704663
180 1644492727.878450 0.013383 0.065067 0.013137 0.001288 0.002889 -0.709160 0.705040
181 1644492728.181055 0.018904 0.066333 0.014167 0.001479 0.002819 -0.709459 0.704740
182 1644492728.483667 0.016082 0.065926 0.017655 0.001931 0.003529 -0.709229 0.704966
183 1644492728.786212 0.015815 0.062115 0.008608 0.001187 0.003305 -0.709118 0.705081
184 1644492729.088799 0.020899 0.062152 0.014135 0.001740 0.003911 -0.709377 0.704817
185 1644492729.391412 0.023121 0.063375 0.013799 0.001660 0.004131 -0.709256 0.704937
186 1644492729.694009 0.019218 0.063491 0.013684 0.002105 0.004060 -0.709260 0.704932
187 1644492729.996544 0.017313 0.063119 0.014614 0.002329 0.004310 -0.709251 0.704939
188 1644492730.299140 0.015109 0.060533 0.010320 0.001957 0.003228 -0.708967 0.705232
189 1644492730.601756 0.014832 0.060829 0.007711 0.001510 0.003100 -0.709034 0.705165
190 1644492730.904343 0.019026 0.064071 0.008736 0.002069 0.003526 -0.709374 0.704821
191 1644492731.206887 0.019555 0.072282 0.015797 0.001965 0.003547 -0.709714 0.704479
192 1644492731.509465 0.016014 0.069737 0.009948 0.001282 0.002909 -0.709696 0.704501
193 1644492731.812078 0.019471 0.072469 0.016463 0.001822 0.003347 -0.709847 0.704345
194 1644492732.114630 0.016994 0.072497 0.014753 0.001618 0.003936 -0.709736 0.704455
195 1644492732.418265 0.018543 0.071162 0.015373 0.001270 0.004458 -0.710208 0.703976
196 1644492732.719764 0.018698 0.067579 0.008282 0.000116 0.004386 -0.710145 0.704042
197 1644492733.022341 0.022384 0.064239 0.020394 0.000875 0.005893 -0.709726 0.704453
198 1644492733.324954 0.038490 0.061025 0.010927 0.001424 0.004914 -0.710594 0.703583
199 1644492733.627544 0.032736 0.062023 0.009154 0.000706 0.004469 -0.710142 0.704044
200 1644492733.930095 0.031582 0.063243 0.012430 0.001339 0.003924 -0.710024 0.704165
201 1644492734.232714 0.037484 0.065143 0.016376 0.001046 0.005779 -0.710765 0.703405
202 1644492734.535284 0.037339 0.064029 0.007507 0.000415 0.005182 -0.711184 0.702987
203 1644492734.837895 0.043460 0.062853 0.008990 -0.000084 0.005545 -0.711655 0.702507
204 1644492735.140455 0.024327 0.066218 0.012959 -0.000166 0.006448 -0.710601 0.703566
205 1644492735.443039 0.023789 0.070131 0.012529 0.000248 0.006452 -0.711019 0.703143
206 1644492735.745623 0.028439 0.071748 0.013159 0.007230 -0.000414 -0.727471 0.686100
207 1644492735.947317 0.051005 0.071826 0.032495 -0.000442 -0.001109 -0.741679 0.670754
208 1644492736.048165 0.070137 0.079306 0.056356 -0.006904 -0.005538 -0.758772 0.651296
209 1644492736.149067 0.079797 0.079402 0.087896 -0.011861 -0.020318 -0.772964 0.634014
210 1644492736.451605 0.091091 0.064007 0.252957 0.012208 -0.011171 -0.782090 0.622945
211 1644492736.754210 0.143286 0.096106 0.406978 -0.001113 -0.012434 -0.803278 0.595473
212 1644492737.056823 0.213626 0.095545 0.603927 0.000288 -0.003120 -0.848383 0.529374
213 1644492737.157676 0.228404 0.075645 0.645583 0.013793 0.011733 -0.860758 0.508692
214 1644492737.460257 0.272001 0.077351 0.717168 0.009414 -0.014048 0.869056 -0.494425
215 1644492737.661984 0.304837 0.055392 0.796079 -0.004302 -0.015403 0.873291 -0.486937
216 1644492737.964548 0.327439 0.109288 0.896129 -0.027967 -0.021988 0.887353 -0.459716
217 1644492738.065423 0.347036 0.100868 0.915326 -0.029841 -0.010480 0.891358 -0.452195
218 1644492738.166269 0.370716 0.098612 0.929203 -0.022226 -0.021155 0.901901 -0.430852
219 1644492738.468864 0.438975 0.161806 1.056572 -0.013236 -0.059486 0.918980 -0.389567
220 1644492738.771402 0.515598 0.176864 1.113460 0.019545 -0.072840 0.916474 -0.392922
221 1644492738.873063 0.556996 0.213026 1.125053 0.035199 -0.070086 0.911318 -0.404164
222 1644492739.175327 0.617189 0.192104 1.110087 0.062097 -0.056754 0.882702 -0.462342
223 1644492739.376884 0.649929 0.174800 1.126580 0.035456 -0.082006 0.870141 -0.484637
224 1644492739.679158 0.694636 0.088966 1.126608 -0.038211 0.065599 -0.848185 0.524232
225 1644492739.780039 0.705430 0.059899 1.096053 -0.043596 0.063793 -0.850616 0.520078
226 1644492740.082644 0.747858 -0.031144 1.093768 0.055283 -0.078498 0.895685 -0.434200
227 1644492740.284325 0.788447 -0.056549 1.077614 0.045604 -0.059287 0.944096 -0.321074
228 1644492740.486065 0.836245 -0.015057 1.060555 0.022618 -0.062502 0.977688 -0.199270
229 1644492740.687829 0.902852 0.053661 1.052509 0.015760 -0.071078 0.992885 -0.094227
230 1644492740.990386 1.078987 0.129780 1.035950 0.019553 -0.069535 0.997319 -0.011761
231 1644492741.192116 1.198014 0.161674 1.026171 0.011001 -0.063619 0.997883 0.007790
232 1644492741.494659 1.327233 0.141034 1.030915 0.015267 -0.077033 0.995582 0.051481
233 1644492741.797266 1.469258 0.083553 0.983780 0.019097 -0.079737 0.990440 0.110932
234 1644492742.099820 1.592332 0.000133 1.004970 0.003152 -0.077560 0.984984 0.154211
235 1644492742.402437 1.711062 -0.062228 0.984480 0.012170 -0.073764 0.983848 0.162648
236 1644492742.704976 1.844193 -0.087556 0.932751 0.011866 -0.056794 0.985021 0.162377
237 1644492743.007610 1.934313 -0.123352 0.970270 0.004359 -0.069678 0.978634 0.193392
238 1644492743.310143 1.989988 -0.185379 0.962608 0.013503 -0.073333 0.969707 0.232610
239 1644492743.612771 2.049963 -0.241109 0.946794 0.023789 -0.080982 0.966295 0.243207
240 1644492743.915376 2.130493 -0.257094 0.920039 0.021524 -0.087198 0.967399 0.236795
241 1644492744.217938 2.223998 -0.280370 0.931511 0.032521 -0.082340 0.972671 0.214647
242 1644492744.520523 2.293549 -0.296575 0.949636 0.052549 -0.091766 0.968930 0.223591
243 1644492744.823097 2.320892 -0.326029 0.925378 0.058871 -0.102127 0.964819 0.235006
244 1644492745.125684 2.345679 -0.340482 0.914356 0.043456 -0.094703 0.971711 0.211942
245 1644492745.429144 2.372186 -0.297800 0.906676 0.032001 -0.092023 0.979711 0.175138
246 1644492745.730805 2.365981 -0.263542 0.917507 0.029847 -0.090660 0.981768 0.164381
247 1644492746.033410 2.298005 -0.240720 0.927194 0.039669 -0.093532 0.980923 0.165735
248 1644492746.336001 2.150543 -0.210275 0.954810 0.040765 -0.101515 0.979273 0.170462
249 1644492746.638622 1.992472 -0.139878 0.966023 0.048475 -0.100004 0.980339 0.163047
250 1644492746.941181 1.844679 -0.039295 0.955028 0.043362 -0.105822 0.986294 0.118937
251 1644492747.243788 1.691071 0.058468 1.002475 0.061179 -0.113503 0.990454 0.048735
252 1644492747.546347 1.540634 0.108000 1.009746 0.059287 -0.092172 0.993346 0.035411
253 1644492747.848903 1.335215 0.177681 1.006072 0.028937 -0.078531 0.990473 0.109352
254 1644492748.151472 1.157541 0.286286 1.020719 0.037854 -0.069173 0.985347 0.151243
255 1644492748.454076 0.983316 0.462993 0.985267 0.045377 -0.072462 0.987018 0.135959
256 1644492748.756685 0.755392 0.510026 1.084793 0.036751 -0.070296 0.996013 0.040816
257 1644492749.059235 0.557707 0.497562 1.087767 0.054829 -0.041512 0.997374 -0.022699
258 1644492749.260981 0.462718 0.501065 1.138563 0.059473 -0.040681 0.989042 -0.128859
259 1644492749.462734 0.389744 0.418666 1.146907 0.055527 -0.037033 0.956991 -0.282337
260 1644492749.664402 0.344643 0.309800 1.106407 0.040898 -0.045329 0.896059 -0.439717
261 1644492749.866102 0.373512 0.225941 1.094302 -0.037646 0.033257 -0.810586 0.583461
262 1644492750.067874 0.438629 0.139620 1.085725 -0.033900 0.029588 -0.727499 0.684632
263 1644492750.370409 0.561989 0.028807 1.069756 -0.026809 0.010614 -0.635407 0.771639
264 1644492750.673029 0.669803 -0.091993 1.057514 -0.032072 -0.000694 -0.579616 0.814258
265 1644492750.975592 0.680193 -0.176697 0.997199 -0.036499 0.021635 -0.602057 0.797325
266 1644492751.278156 0.586766 -0.167511 0.988448 -0.060260 0.012596 -0.647179 0.759849
267 1644492751.580777 0.440375 -0.148991 0.939421 -0.064679 0.013967 -0.672960 0.736713
268 1644492751.883383 0.294669 -0.108835 0.806315 -0.030752 0.048847 -0.704641 0.707213
269 1644492752.185918 0.206863 -0.070248 0.665385 -0.014502 0.081496 -0.700744 0.708594
270 1644492752.488549 0.148235 -0.059342 0.477302 -0.033509 0.060637 -0.680243 0.729705
271 1644492752.589349 0.118851 -0.061829 0.429383 -0.047620 0.039524 -0.690454 0.720724
272 1644492752.891974 0.079967 0.036090 0.296279 -0.041017 0.021207 -0.703388 0.709305
273 1644492752.992837 0.070270 0.055804 0.268387 -0.025620 0.028073 -0.699584 0.713539
274 1644492753.194525 0.041012 0.080666 0.260157 0.000630 0.000500 -0.678268 0.734814
275 1644492753.497146 0.028404 0.093197 0.214037 0.043054 0.019795 -0.640555 0.766449
276 1644492753.799683 0.016052 0.097588 0.193992 0.056688 0.025456 -0.633758 0.771031
277 1644492754.102319 0.024088 0.086065 0.196507 0.013441 0.032046 -0.634959 0.771764
278 1644492754.404882 0.025748 0.084573 0.183538 0.011118 0.030715 -0.632652 0.773747
279 1644492754.707428 0.028584 0.081695 0.177847 0.010852 0.029334 -0.630879 0.775251
280 1644492755.010093 0.023258 0.076819 0.177574 0.010717 0.028648 -0.632389 0.774047
281 1644492755.312630 0.031284 0.076024 0.190467 0.013823 0.029863 -0.632276 0.774044
282 1644492755.615196 0.025960 0.069771 0.156498 0.010705 0.026267 -0.632167 0.774313
283 1644492755.917809 0.028059 0.067641 0.148260 0.010693 0.025952 -0.632197 0.774299
284 1644492756.220361 0.022139 0.075736 0.149220 0.011555 0.026009 -0.632327 0.774179
285 1644492756.522966 0.028948 0.076788 0.141226 0.011450 0.025165 -0.631951 0.774515
286 1644492756.825501 0.015087 0.079325 0.130885 0.009786 0.026139 -0.631327 0.775014
287 1644492757.128154 0.019896 0.083314 0.141442 0.010892 0.026537 -0.632502 0.774027
288 1644492757.430716 0.021561 0.084708 0.126972 0.010056 0.025797 -0.632431 0.774122
289 1644492757.733331 0.022540 0.083651 0.120243 0.010593 0.023234 -0.632897 0.773814
290 1644492758.035901 0.023330 0.086403 0.104898 0.008945 0.024611 -0.633061 0.773659
291 1644492758.338457 0.018528 0.091724 0.109239 0.008060 0.025267 -0.633308 0.773445
292 1644492758.641020 0.022255 0.089173 0.116698 0.008072 0.026125 -0.632973 0.773691
293 1644492758.944492 0.023250 0.092497 0.111950 0.008099 0.025881 -0.632985 0.773689
294 1644492759.246167 0.019859 0.091799 0.126786 0.007626 0.027905 -0.633054 0.773567
295 1644492759.548791 0.020443 0.090610 0.130072 0.006564 0.027520 -0.633164 0.773501
296 1644492759.851402 0.020279 0.092982 0.118318 0.007253 0.026879 -0.633191 0.773495
297 1644492760.153958 0.019976 0.091419 0.126747 0.006427 0.026794 -0.633228 0.773475
298 1644492760.456498 0.016444 0.087387 0.120376 0.006352 0.026652 -0.632952 0.773706
299 1644492760.759099 0.022742 0.088907 0.128243 0.006985 0.027108 -0.633212 0.773472
300 1644492761.061683 0.019206 0.084712 0.133956 0.007293 0.027432 -0.632827 0.773773
301 1644492761.364283 0.017309 0.089531 0.125098 0.006648 0.026976 -0.633067 0.773599
302 1644492761.666843 0.016969 0.091344 0.127799 0.006339 0.027347 -0.633083 0.773575
303 1644492761.969450 0.020068 0.092942 0.130123 0.006048 0.026989 -0.633046 0.773620
304 1644492762.272034 0.017813 0.090622 0.128744 0.005988 0.026943 -0.632915 0.773729
305 1644492762.574614 0.016754 0.090699 0.125191 0.005724 0.026622 -0.633073 0.773613
306 1644492762.877176 0.016970 0.089514 0.124616 0.006432 0.026806 -0.632828 0.773801
307 1644492763.179736 0.019461 0.088637 0.134763 0.006341 0.027505 -0.632873 0.773741
308 1644492763.482405 0.019636 0.092904 0.128635 0.006678 0.026736 -0.633166 0.773525
309 1644492763.784990 0.015673 0.093536 0.134651 0.005994 0.027153 -0.632949 0.773694
310 1644492764.087523 0.016950 0.089988 0.132157 0.006420 0.026633 -0.632926 0.773728
311 1644492764.390082 0.017148 0.091873 0.126829 0.006065 0.027003 -0.632925 0.773718
312 1644492764.692666 0.017181 0.090073 0.126332 0.007124 0.027302 -0.632626 0.773944
313 1644492764.995266 0.016885 0.089759 0.131144 0.006822 0.027699 -0.632753 0.773828
314 1644492765.297863 0.019941 0.089562 0.126230 0.007286 0.026552 -0.632764 0.773855
315 1644492765.600397 0.020240 0.095281 0.121652 0.007482 0.026511 -0.632932 0.773717
316 1644492765.903727 0.017356 0.091795 0.127693 0.006529 0.027044 -0.632979 0.773669
317 1644492766.205612 0.020978 0.092900 0.125426 0.005641 0.026878 -0.633113 0.773572
318 1644492766.508201 0.021434 0.093035 0.122226 0.006311 0.026910 -0.633060 0.773609
319 1644492766.810776 0.024133 0.090668 0.118300 0.007664 0.026359 -0.633005 0.773661
320 1644492767.113402 0.021576 0.090340 0.122861 0.007112 0.027148 -0.632830 0.773782
321 1644492767.415917 0.024598 0.087334 0.116097 0.006631 0.026378 -0.632751 0.773877
322 1644492767.718516 0.023835 0.088749 0.116517 0.007405 0.026641 -0.632776 0.773841
323 1644492768.021124 0.019002 0.090480 0.107401 0.006385 0.025680 -0.632901 0.773781
324 1644492768.323688 0.021862 0.090954 0.111547 0.006567 0.025928 -0.633095 0.773612
325 1644492768.626340 0.025074 0.092084 0.125310 0.006081 0.026634 -0.633251 0.773464
326 1644492768.928825 0.022370 0.093578 0.118375 0.005773 0.025957 -0.633206 0.773527
327 1644492769.231431 0.024666 0.090618 0.118993 0.005864 0.026102 -0.632970 0.773714
328 1644492769.534016 0.022324 0.092706 0.119381 0.006519 0.026565 -0.632991 0.773676
329 1644492769.836619 0.022479 0.091779 0.124829 0.006112 0.026650 -0.632936 0.773721
330 1644492770.139218 0.022455 0.093485 0.123821 0.005839 0.026739 -0.632975 0.773688
331 1644492770.441764 0.019828 0.091638 0.127833 0.005734 0.026770 -0.632914 0.773738
332 1644492770.744343 0.017448 0.092927 0.125682 0.005260 0.026242 -0.632963 0.773719
333 1644492771.046924 0.021702 0.093671 0.116809 0.006039 0.025867 -0.632932 0.773752
334 1644492771.349518 0.021796 0.094987 0.118334 0.005940 0.025643 -0.632940 0.773754
335 1644492771.652098 0.021202 0.095978 0.120657 0.005802 0.025933 -0.633097 0.773616
336 1644492771.954657 0.021838 0.094235 0.127146 0.006908 0.027252 -0.633083 0.773573
337 1644492772.257214 0.023070 0.090621 0.124088 0.006844 0.026967 -0.633000 0.773652
338 1644492772.560004 0.022162 0.088442 0.117387 0.006454 0.026478 -0.632958 0.773706
339 1644492772.862430 0.023983 0.087685 0.125788 0.006732 0.027009 -0.633040 0.773619
340 1644492773.165035 0.020167 0.084916 0.113512 0.005623 0.025873 -0.632840 0.773830
341 1644492773.467557 0.020390 0.090490 0.129514 0.006423 0.027774 -0.633156 0.773499
342 1644492773.770165 0.020542 0.092181 0.133208 0.006514 0.027522 -0.633260 0.773422
343 1644492774.072737 0.021700 0.090671 0.125766 0.006352 0.026949 -0.633012 0.773646
344 1644492774.375347 0.019710 0.086292 0.122994 0.006259 0.026478 -0.632964 0.773703
345 1644492774.677924 0.022729 0.089186 0.127829 0.006582 0.027667 -0.632830 0.773768
346 1644492774.980501 0.021402 0.093729 0.117376 0.007780 0.027392 -0.633084 0.773559
347 1644492775.283128 0.019773 0.095598 0.118195 0.006840 0.026109 -0.633093 0.773605
348 1644492775.585642 0.020994 0.093260 0.121695 0.006174 0.026908 -0.633136 0.773548
349 1644492775.888282 0.023374 0.091994 0.128310 0.007237 0.027758 -0.633193 0.773462
350 1644492776.190836 0.019793 0.087278 0.121970 0.007136 0.026876 -0.632950 0.773693
351 1644492776.493482 0.022778 0.088227 0.112847 0.007838 0.026271 -0.632855 0.773785
352 1644492776.795992 0.019588 0.092511 0.111786 0.007992 0.026156 -0.632962 0.773700
353 1644492777.098591 0.021383 0.094183 0.123386 0.007207 0.028260 -0.633120 0.773504
354 1644492777.401125 0.022161 0.094724 0.122174 0.007897 0.027062 -0.632911 0.773711
355 1644492777.703743 0.020432 0.091291 0.126199 0.006986 0.027414 -0.632956 0.773670
356 1644492778.006329 0.022815 0.089555 0.120215 0.007374 0.027197 -0.632841 0.773769
357 1644492778.308936 0.022068 0.091965 0.117276 0.008169 0.027027 -0.632870 0.773743
358 1644492778.611510 0.019228 0.094272 0.128356 0.008203 0.028448 -0.632991 0.773593
359 1644492778.914872 0.020601 0.093797 0.120314 0.008047 0.027348 -0.633210 0.773455
360 1644492779.216662 0.021472 0.091729 0.116911 0.008239 0.026979 -0.633038 0.773606
361 1644492779.519204 0.020075 0.090065 0.120462 0.007231 0.026957 -0.633056 0.773602
362 1644492779.821854 0.016961 0.088785 0.117834 0.006618 0.026275 -0.632967 0.773705
363 1644492780.124441 0.020729 0.093096 0.118703 0.007799 0.027468 -0.633036 0.773596
364 1644492780.426966 0.021015 0.093145 0.108721 0.007562 0.026311 -0.633185 0.773517
365 1644492780.729593 0.020980 0.093747 0.112985 0.007311 0.026347 -0.633054 0.773625
366 1644492781.032110 0.023836 0.091581 0.115746 0.006848 0.026223 -0.633157 0.773549
367 1644492781.334784 0.021629 0.091202 0.118134 0.007837 0.027191 -0.632935 0.773688
368 1644492781.637315 0.018801 0.092623 0.118894 0.007412 0.027511 -0.632978 0.773646
369 1644492781.939902 0.018622 0.089705 0.107392 0.006663 0.025950 -0.632853 0.773808
370 1644492782.242456 0.018534 0.093478 0.112094 0.007768 0.026991 -0.633056 0.773596
371 1644492782.545068 0.015730 0.094169 0.106940 0.007525 0.026427 -0.632898 0.773747
372 1644492782.847654 0.021569 0.093064 0.113827 0.007438 0.027163 -0.632944 0.773685
373 1644492783.150263 0.016886 0.091818 0.120425 0.007405 0.027329 -0.633035 0.773606
374 1644492783.452803 0.017985 0.095329 0.122915 0.007629 0.027935 -0.633107 0.773523
375 1644492783.755351 0.021452 0.092069 0.124743 0.007352 0.027242 -0.633045 0.773601
376 1644492784.057983 0.018987 0.091930 0.120336 0.006726 0.026954 -0.633108 0.773565
377 1644492784.360592 0.019513 0.092784 0.120065 0.007120 0.027150 -0.633013 0.773633
378 1644492784.663141 0.022204 0.094991 0.118033 0.006847 0.027071 -0.633155 0.773521
379 1644492784.965726 0.021441 0.089775 0.119904 0.006409 0.027036 -0.632975 0.773673
380 1644492785.268891 0.022006 0.091201 0.112184 0.006854 0.026629 -0.632990 0.773671
381 1644492785.572077 0.021097 0.091223 0.125410 0.006604 0.026845 -0.632835 0.773793
382 1644492785.873433 0.021840 0.091474 0.118888 0.005897 0.026064 -0.633008 0.773684
383 1644492786.176022 0.023462 0.090056 0.126817 0.005940 0.026712 -0.633028 0.773645
384 1644492786.478644 0.022339 0.088482 0.125572 0.005593 0.026752 -0.633045 0.773633
385 1644492786.781201 0.018489 0.086688 0.116147 0.004887 0.026193 -0.632622 0.774002
386 1644492787.083793 0.018469 0.091150 0.121524 0.006352 0.027071 -0.633000 0.773652
387 1644492787.386385 0.021170 0.092421 0.125416 0.006251 0.026935 -0.633099 0.773577
388 1644492787.688930 0.019921 0.094002 0.123638 0.006702 0.027750 -0.633102 0.773542
389 1644492787.991601 0.020607 0.091733 0.132530 0.006378 0.027992 -0.632908 0.773695
390 1644492788.294157 0.020825 0.092205 0.122494 0.006513 0.027273 -0.633017 0.773630
391 1644492788.596700 0.017469 0.090688 0.130032 0.006196 0.027548 -0.632878 0.773737
