1626767037.968661 -0.007133 -0.106789 -0.069308 -0.008351 0.021594 0.026557 0.999379
1626767038.068207 -0.018536 -0.109709 -0.068587 -0.007994 0.023518 0.025980 0.999354
1626767038.169078 -0.001490 -0.098016 -0.073859 -0.008253 0.023381 0.026385 0.999344
1626767038.268594 0.024588 -0.098731 -0.081210 -0.009773 0.024056 0.027232 0.999292
1626767038.368117 0.055900 -0.073592 -0.086065 -0.010178 0.025218 0.025881 0.999295
1626767038.468961 0.069926 -0.150924 -0.053302 -0.018363 0.029170 0.022886 0.999144
1626767038.568521 0.058389 -0.178205 -0.082344 -0.020494 0.029304 0.023623 0.999081
1626767038.668014 0.075823 -0.144452 -0.065768 -0.019909 0.027710 0.023904 0.999132
1626767038.768893 0.088146 -0.099394 -0.031102 -0.020217 0.025988 0.022209 0.999211
1626767038.868378 0.128913 -0.146375 -0.001711 -0.019620 0.027204 0.019145 0.999254
1626767038.967930 0.121763 -0.182576 -0.023784 -0.019579 0.028840 0.016997 0.999248
1626767039.068788 0.044775 -0.143505 0.045664 -0.016380 0.025009 0.017441 0.999401
1626767039.169440 0.072770 -0.102199 -0.139033 -0.006299 0.024317 0.010996 0.999624
1626767039.267905 0.079636 -0.091598 -0.084689 -0.007021 0.020560 0.005240 0.999750
1626767039.368760 0.078864 -0.070656 -0.013542 -0.008189 0.018902 0.002037 0.999786
1626767039.468295 0.101487 -0.073059 -0.054747 -0.005715 0.023593 0.007045 0.999681
1626767039.567791 0.127989 -0.066998 -0.034613 -0.003256 0.022782 0.002606 0.999732
1626767039.668698 0.165675 -0.089808 -0.072307 -0.002243 0.024078 -0.000387 0.999707
1626767039.768152 0.182717 -0.032829 -0.105728 -0.004248 0.021406 -0.005474 0.999747
1626767039.869060 0.236951 -0.096921 -0.024613 -0.006141 0.018076 -0.012417 0.999741
1626767039.968590 0.235437 -0.130744 0.005934 -0.003737 0.017623 -0.009540 0.999792
1626767040.068147 0.244027 -0.101057 -0.034194 -0.003610 0.020386 -0.007474 0.999758
1626767040.167654 0.294216 -0.059125 -0.058510 -0.004733 0.020628 -0.011562 0.999709
1626767040.268474 0.310058 -0.086913 -0.079394 -0.006820 0.023888 -0.005255 0.999678
1626767040.368070 0.301204 -0.098819 -0.065000 -0.007102 0.020545 -0.005126 0.999751
1626767040.468250 0.369607 -0.121361 -0.025871 -0.004502 0.015554 -0.001470 0.999868
1626767040.568416 0.368844 -0.132039 0.000776 -0.004729 0.012086 0.012446 0.999838
1626767040.667985 0.388215 -0.118091 0.026537 -0.006102 0.011913 0.030821 0.999435
1626767040.767661 0.408151 -0.073142 -0.034396 -0.004078 0.010293 0.051693 0.998602
1626767040.868345 0.433356 -0.081864 -0.028026 -0.001957 0.007829 0.080719 0.996704
1626767040.967865 0.441418 -0.099207 -0.013332 0.002680 0.008025 0.108038 0.994111
1626767041.067392 0.447548 -0.056257 -0.029171 0.001234 0.007347 0.142370 0.989785
1626767041.168281 0.425247 -0.059110 -0.069303 0.003527 0.009264 0.177071 0.984148
1626767041.269139 0.503544 -0.014767 -0.011609 0.006409 0.007711 0.208812 0.977904
1626767041.368973 0.526311 -0.042877 -0.012709 0.007995 0.008624 0.239100 0.970924
1626767041.469511 0.508103 0.055001 -0.014664 0.014563 0.011554 0.271860 0.962157
1626767041.569079 0.504246 0.058844 -0.081443 0.011852 0.008971 0.294355 0.955580
1626767041.668608 0.476118 0.091843 -0.119995 0.011512 0.007061 0.321415 0.946842
1626767041.768160 0.467353 0.073072 -0.086177 0.011622 0.002391 0.352142 0.935871
1626767041.867614 0.438485 0.131267 -0.145550 0.021804 -0.003336 0.388177 0.921321
1626767041.968518 0.419586 0.169651 -0.222197 0.033114 -0.012867 0.422052 0.905875
1626767042.068017 0.435814 0.250718 -0.217705 0.035239 -0.021864 0.459471 0.887224
1626767042.167581 0.454775 0.334035 -0.117322 0.038716 -0.027971 0.494639 0.867785
1626767042.268998 0.446414 0.408294 -0.173080 0.044745 -0.025824 0.527598 0.847922
1626767042.369285 0.495697 0.477077 -0.155338 0.050459 -0.026445 0.557745 0.828055
1626767042.469242 0.516537 0.535251 -0.154447 0.054433 -0.025537 0.586344 0.807828
1626767042.570093 0.435400 0.528433 -0.173892 0.059694 -0.018426 0.601897 0.796126
1626767042.669209 0.496473 0.592698 -0.166582 0.059204 -0.019272 0.622721 0.779963
1626767042.770727 0.443980 0.687872 -0.207810 0.051036 -0.027077 0.632638 0.772290
1626767042.869601 0.471548 0.761926 -0.121260 0.048904 -0.033112 0.644381 0.762420
1626767042.969155 0.504130 0.767951 -0.161383 0.060172 -0.027886 0.652646 0.754754
1626767043.068636 0.501322 0.813178 -0.171129 0.063490 -0.024224 0.661115 0.747201
1626767043.168186 0.467401 0.875556 -0.211429 0.063819 -0.025397 0.664970 0.743705
1626767043.267704 0.439445 0.924612 -0.175497 0.063028 -0.024558 0.670981 0.738383
1626767043.367243 0.472361 1.000492 -0.158366 0.064617 -0.019465 0.678532 0.731464
1626767043.468184 0.426210 1.064436 -0.224499 0.065340 -0.012994 0.682938 0.727432
1626767043.567652 0.365080 1.101748 -0.258682 0.066603 -0.008614 0.687298 0.723264
1626767043.668544 0.412747 1.182031 -0.256885 0.063631 -0.009370 0.693296 0.717778
1626767043.768018 0.388072 1.237620 -0.141245 0.066038 -0.010729 0.701118 0.709899
1626767043.867614 0.348315 1.297985 -0.182367 0.065661 -0.011871 0.714825 0.696112
1626767043.967100 0.309050 1.414592 -0.124552 0.064645 -0.016318 0.728690 0.681591
1626767044.067945 0.342860 1.463439 -0.159555 0.066692 -0.014722 0.741318 0.667669
1626767044.167489 0.311703 1.486296 -0.213902 0.065313 -0.016906 0.753200 0.654323
1626767044.268330 0.289754 1.558739 -0.249248 0.063952 -0.015984 0.769579 0.635140
1626767044.369223 0.332572 1.674216 -0.176805 0.062368 -0.007818 0.780347 0.622180
1626767044.468719 0.305185 1.774438 -0.155273 0.065760 -0.001280 0.782212 0.619531
1626767044.569592 0.267772 1.805890 -0.180108 0.067934 0.001810 0.782911 0.618410
1626767044.669152 0.263196 1.848388 -0.202302 0.071144 0.000094 0.787073 0.612744
1626767044.768633 0.208706 1.818159 -0.174254 0.083868 -0.004735 0.795182 0.600524
1626767044.866869 0.126456 1.881502 -0.150556 0.091966 -0.010348 0.807893 0.582018
1626767044.967689 0.146480 2.008748 -0.144912 0.091998 -0.009182 0.820079 0.564732
1626767045.067240 0.143578 2.060827 -0.156516 0.086002 -0.002404 0.833554 0.545697
1626767045.168059 0.075758 2.043927 -0.146363 0.082760 -0.001240 0.846111 0.526541
1626767045.267631 0.039899 2.113080 -0.134199 0.084840 -0.003758 0.858132 0.506358
1626767045.368515 0.083873 2.210451 -0.148525 0.085854 -0.007383 0.871733 0.482345
1626767045.469374 0.037521 2.290474 -0.125126 0.084389 -0.015555 0.881712 0.463918
1626767045.569277 -0.041156 2.349177 -0.113127 0.079260 -0.016024 0.892773 0.443189
1626767045.668468 -0.124972 2.417905 -0.169726 0.076234 -0.012289 0.900395 0.428165
1626767045.769341 -0.154675 2.497014 -0.157487 0.072435 -0.007651 0.907918 0.412770
1626767045.869093 -0.215444 2.584741 -0.180474 0.069528 -0.006999 0.913049 0.401819
1626767045.968340 -0.272365 2.573946 -0.204059 0.075104 -0.009654 0.916499 0.392804
1626767046.067915 -0.322349 2.638365 -0.185080 0.079472 -0.015332 0.921673 0.379432
1626767046.167424 -0.349669 2.670767 -0.177688 0.088530 -0.016201 0.927849 0.361934
1626767046.268233 -0.391760 2.727802 -0.145275 0.096621 -0.010834 0.934660 0.341991
1626767046.367820 -0.426787 2.746844 -0.138443 0.097086 -0.005755 0.940721 0.324938
1626767046.467374 -0.476164 2.817433 -0.102148 0.097161 -0.000963 0.951079 0.293271
1626767046.568186 -0.581730 2.882501 -0.097667 0.097938 0.000232 0.958927 0.266209
1626767046.667754 -0.643320 2.941748 -0.032014 0.101750 -0.005153 0.966018 0.237548
1626767046.768553 -0.667548 2.967062 -0.081854 0.101771 -0.008310 0.972169 0.210859
1626767046.868130 -0.772834 3.073558 -0.014413 0.104021 -0.013634 0.977772 0.181538
1626767046.968992 -0.776340 3.120356 -0.050239 0.104554 -0.017673 0.982530 0.152940
1626767047.068496 -0.879138 3.149939 -0.042124 0.107481 -0.013011 0.985273 0.132346
1626767047.169346 -0.954600 3.219039 -0.067138 0.108050 -0.009645 0.987554 0.113882
1626767047.268849 -1.059422 3.278866 -0.137549 0.114372 -0.010083 0.988279 0.100610
1626767047.368455 -1.179709 3.246223 -0.158832 0.122430 -0.010175 0.988381 0.089504
1626767047.470407 -1.238960 3.273350 -0.169205 0.122615 -0.008172 0.989438 0.076883
1626767047.568811 -1.257411 3.325268 -0.071261 0.113899 -0.002856 0.991480 0.063129
1626767047.668348 -1.363357 3.372174 -0.078523 0.113024 -0.003951 0.992502 0.046373
1626767047.767899 -1.421785 3.396505 -0.053216 0.110611 -0.007407 0.993354 0.030956
1626767047.869145 -1.512628 3.385083 -0.065572 0.110296 -0.006913 0.993598 0.023450
1626767047.968267 -1.580079 3.421804 -0.054488 0.110009 -0.007217 0.993768 0.016475
1626767048.067814 -1.674188 3.422165 0.006555 0.107894 -0.006372 0.994080 0.011104
1626767048.168669 -1.791137 3.421651 -0.008594 0.106929 -0.000307 0.994227 0.008912
1626767048.271612 -1.887853 3.440938 -0.024231 0.109735 0.005257 0.993895 0.010170
1626767048.367703 -1.972494 3.453187 0.034345 0.111900 0.012589 0.993573 0.011520
1626767048.468569 -2.045000 3.454754 0.046371 0.115123 0.018260 0.993142 0.009108
1626767048.568114 -2.128586 3.437279 0.073494 0.115975 0.023499 0.992935 0.008868
1626767048.667680 -2.214114 3.476045 0.132654 0.106079 0.027107 0.993963 0.007038
1626767048.767208 -2.308851 3.451189 0.139586 0.100638 0.027445 0.994537 0.003825
1626767048.868070 -2.387741 3.467168 0.066856 0.102056 0.019271 0.994588 -0.002956
1626767048.967519 -2.521977 3.503191 0.088291 0.108662 0.012363 0.993959 -0.009260
1626767049.068411 -2.607329 3.490318 0.160775 0.111353 0.012366 0.993560 -0.016891
1626767049.167921 -2.724525 3.495945 0.138859 0.112112 0.013531 0.993258 -0.026180
1626767049.268798 -2.857308 3.476693 0.183932 0.111774 0.012525 0.993284 -0.027134
1626767049.368354 -2.943269 3.474145 0.208010 0.105501 0.011752 0.993982 -0.027035
1626767049.469973 -3.053173 3.491090 0.225306 0.098012 0.011404 0.994871 -0.022262
1626767049.568698 -3.148812 3.450058 0.173110 0.104417 0.005622 0.994423 -0.013751
1626767049.668262 -3.254717 3.423053 0.239710 0.105916 0.009195 0.994235 -0.013940
1626767049.767787 -3.354424 3.421142 0.238503 0.102553 0.010411 0.994614 -0.010835
1626767049.867565 -3.418781 3.454262 0.248947 0.100335 0.011510 0.994801 -0.013116
1626767049.968219 -3.506386 3.436652 0.217159 0.101204 0.008406 0.994691 -0.016642
1626767050.067708 -3.618254 3.417553 0.248320 0.105426 0.005910 0.994246 -0.018017
1626767050.167279 -3.711868 3.411322 0.306598 0.112022 0.008929 0.993431 -0.021577
1626767050.268084 -3.808659 3.451526 0.310576 0.114079 0.009254 0.993002 -0.029116
1626767050.367609 -3.937185 3.422261 0.336589 0.108056 0.006189 0.993622 -0.031640
1626767050.468501 -4.026134 3.379681 0.326631 0.102427 0.002128 0.994393 -0.026211
1626767050.568021 -4.135832 3.388505 0.365578 0.104383 0.011403 0.994056 -0.028754
1626767050.669809 -4.208517 3.352818 0.345139 0.110379 0.015256 0.993477 -0.024237
1626767050.768375 -4.326009 3.330470 0.339516 0.117465 0.019144 0.992742 -0.017284
1626767050.869243 -4.429699 3.305579 0.309757 0.118439 0.019048 0.992732 -0.009630
1626767050.969172 -4.506744 3.328186 0.377131 0.110638 0.019435 0.993590 -0.012674
1626767051.068389 -4.610520 3.303785 0.353599 0.104639 0.021410 0.994122 -0.017740
1626767051.169883 -4.706800 3.282819 0.349389 0.099729 0.015777 0.994661 -0.021315
1626767051.267411 -4.829439 3.285087 0.359849 0.103610 0.008091 0.994318 -0.023064
1626767051.368265 -4.906505 3.300617 0.429092 0.107982 0.008891 0.993701 -0.028628
1626767051.469327 -5.004742 3.285523 0.417474 0.102264 0.011312 0.994209 -0.031014
1626767051.568666 -5.098330 3.292440 0.405240 0.097370 0.012045 0.994800 -0.027344
1626767051.668147 -5.215332 3.217849 0.401866 0.095895 0.006757 0.995213 -0.017600
1626767051.769037 -5.316684 3.189439 0.451748 0.095600 0.007185 0.995252 -0.016779
1626767051.868585 -5.408885 3.201164 0.455438 0.106077 0.015958 0.994049 -0.018966
1626767051.968139 -5.533164 3.189070 0.474938 0.107182 0.011664 0.994120 -0.010053
1626767052.067650 -5.623766 3.158519 0.511431 0.103093 0.009947 0.994603 -0.006121
1626767052.168516 -5.686392 3.141690 0.491553 0.100378 0.015625 0.994768 -0.010820
1626767052.269775 -5.773821 3.189143 0.478401 0.099199 0.011609 0.994815 -0.019159
1626767052.367562 -5.925014 3.164808 0.494903 0.105970 0.014006 0.993748 -0.032244
1626767052.467083 -6.042685 3.146971 0.552618 0.109104 0.015815 0.993036 -0.041548
1626767052.567945 -6.123644 3.116956 0.555681 0.107073 0.017331 0.993173 -0.042922
1626767052.668754 -6.213870 3.102412 0.542213 0.101242 0.016203 0.993971 -0.038861
1626767052.769648 -6.306129 3.104987 0.540410 0.096646 0.014303 0.994781 -0.029433
1626767052.869187 -6.391031 3.085094 0.544176 0.095046 0.012635 0.995168 -0.021128
1626767052.968678 -6.488710 3.077841 0.580306 0.105533 0.017109 0.994097 -0.018453
1626767053.068240 -6.574436 3.078280 0.596929 0.114814 0.017577 0.993116 -0.015159
1626767053.167824 -6.669084 3.012438 0.558513 0.110346 0.017270 0.993720 -0.006799
1626767053.267377 -6.753592 3.021802 0.633273 0.101948 0.019537 0.994544 -0.010311
1626767053.367068 -6.820534 3.045952 0.634388 0.097757 0.024396 0.994745 -0.018187
1626767053.467775 -6.896406 3.046628 0.631880 0.092098 0.020220 0.995218 -0.025488
1626767053.567214 -7.020225 3.057242 0.615800 0.091083 0.015230 0.995302 -0.029089
1626767053.668087 -7.085957 3.064448 0.702762 0.084204 0.019462 0.995398 -0.041398
1626767053.768967 -7.254945 3.041445 0.666124 0.071897 0.020027 0.996124 -0.046558
1626767053.868471 -7.382341 3.019149 0.641445 0.063940 0.016038 0.996758 -0.046133
1626767053.969325 -7.504704 3.012861 0.657480 0.064892 0.010880 0.996886 -0.043466
1626767054.068854 -7.558223 3.008213 0.679030 0.067128 0.009691 0.996783 -0.042695
1626767054.168401 -7.679083 2.978495 0.644570 0.071369 0.008673 0.996648 -0.039043
1626767054.269239 -7.779397 2.987613 0.647691 0.071510 0.002446 0.996899 -0.032763
1626767054.367479 -7.826998 2.949990 0.709639 0.070439 0.005394 0.996954 -0.033057
1626767054.466971 -7.898146 2.959768 0.681123 0.070789 0.008205 0.996658 -0.039940
1626767054.567898 -8.009351 2.961272 0.702597 0.070748 0.004855 0.996520 -0.043804
1626767054.667412 -8.111121 2.962558 0.692472 0.075631 0.004373 0.996077 -0.045737
1626767054.768223 -8.207408 2.961581 0.735537 0.078693 0.010520 0.995646 -0.048838
1626767054.867786 -8.300630 2.945652 0.727912 0.083175 0.014605 0.995206 -0.049325
1626767054.968616 -8.408742 2.947659 0.741048 0.084628 0.012253 0.995189 -0.047815
1626767055.068132 -8.512781 2.918471 0.762783 0.086703 0.007344 0.995275 -0.043083
1626767055.169030 -8.658871 2.911108 0.828507 0.089665 0.008638 0.995318 -0.035024
1626767055.268587 -8.741376 2.952466 0.808742 0.096491 0.014250 0.994755 -0.030804
1626767055.369800 -8.798102 2.922781 0.874854 0.093452 0.011042 0.995293 -0.023165
1626767055.467617 -8.900354 2.905070 0.870945 0.090157 0.015833 0.995613 -0.019388
1626767055.567173 -8.971906 2.915494 0.868693 0.086897 0.018906 0.995792 -0.022153
1626767055.668025 -9.089212 2.914279 0.813908 0.083328 0.008520 0.996110 -0.027350
1626767055.767591 -9.199485 2.907846 0.832013 0.081187 0.007284 0.996059 -0.034953
1626767055.867104 -9.312157 2.911280 0.828313 0.080663 0.009727 0.995653 -0.045551
1626767055.967931 -9.389715 2.882377 0.845754 0.077918 0.008616 0.995513 -0.052996
1626767056.068813 -9.471503 2.889426 0.865221 0.074053 0.004841 0.995874 -0.052218
1626767056.168337 -9.592476 2.896962 0.870032 0.074999 0.005574 0.995948 -0.049304
1626767056.269148 -9.674282 2.900638 0.917951 0.080193 0.007240 0.995736 -0.045013
1626767056.368742 -9.762171 2.883590 0.906570 0.088815 0.010028 0.995219 -0.039365
1626767056.468432 -9.882396 2.857273 0.947120 0.087170 0.008969 0.995478 -0.036669
1626767056.567799 -9.985689 2.859220 0.928965 0.084530 0.008925 0.995853 -0.032435
1626767056.668078 -10.063700 2.881207 0.956499 0.082454 0.012860 0.995862 -0.035975
1626767056.767087 -10.132859 2.850712 0.897622 0.084523 0.011974 0.995335 -0.044958
1626767056.867691 -10.192629 2.806859 0.917404 0.083313 0.006920 0.995072 -0.053313
1626767056.967388 -10.271688 2.827465 0.929074 0.088211 0.007964 0.993894 -0.065804
1626767057.068100 -10.434526 2.874651 0.985921 0.085482 0.012012 0.993185 -0.078314
1626767057.168943 -10.567739 2.840913 0.987385 0.084307 0.012238 0.993108 -0.080487
1626767057.268954 -10.672324 2.811131 0.985873 0.082629 0.009823 0.993582 -0.076615
1626767057.370229 -10.758125 2.769981 0.969461 0.083150 0.008794 0.993971 -0.070931
1626767057.468874 -10.839846 2.762969 1.038041 0.084930 0.013173 0.993721 -0.071634
1626767057.568419 -10.910167 2.762406 0.991664 0.090130 0.015742 0.993494 -0.067812
1626767057.667909 -11.016539 2.724731 1.014401 0.088587 0.014813 0.994218 -0.058849
1626767057.767502 -11.107041 2.680198 1.056556 0.084009 0.013931 0.994681 -0.057950
1626767057.868393 -11.151693 2.678818 1.068786 0.084268 0.017559 0.993853 -0.069622
1626767057.966512 -11.273483 2.650806 1.002806 0.082201 0.011308 0.993124 -0.082585
1626767058.067388 -11.376688 2.681309 1.012259 0.086578 0.008996 0.991589 -0.095781
1626767058.166965 -11.476333 2.681494 1.049054 0.091625 0.007934 0.989696 -0.109740
1626767058.267742 -11.595484 2.666945 1.109272 0.088138 0.009701 0.988757 -0.120407
1626767058.368612 -11.705268 2.649219 1.091777 0.082241 0.011763 0.988677 -0.124962
1626767058.469486 -11.766768 2.623490 1.075057 0.082121 0.007085 0.989043 -0.122477
1626767058.569032 -11.872661 2.601967 1.094693 0.086446 0.003741 0.989251 -0.117883
1626767058.668555 -11.917769 2.565821 1.119604 0.095021 0.009185 0.989100 -0.112107
1626767058.769385 -12.055318 2.543920 1.081361 0.106992 0.013197 0.989069 -0.100604
1626767058.868962 -12.124248 2.503248 1.105739 0.107186 0.012834 0.989820 -0.092750
1626767058.967167 -12.153032 2.491099 1.150995 0.098470 0.015323 0.990423 -0.095552
1626767059.066662 -12.299721 2.451560 1.141196 0.092587 0.014604 0.990362 -0.101966
1626767059.167580 -12.394611 2.398951 1.130013 0.087438 0.010190 0.989945 -0.110724
1626767059.267041 -12.469363 2.425884 1.143843 0.085894 0.009677 0.988484 -0.124208
1626767059.367907 -12.556321 2.408679 1.185364 0.083391 0.009290 0.987094 -0.136398
1626767059.468900 -12.681539 2.373595 1.175137 0.084147 0.014610 0.986770 -0.137809
1626767059.568315 -12.791786 2.343908 1.166025 0.083909 0.012875 0.987300 -0.134285
1626767059.669277 -12.878908 2.264105 1.148714 0.087281 0.006953 0.988709 -0.121607
1626767059.772660 -12.953823 2.253616 1.151710 0.092194 0.006010 0.988892 -0.116431
1626767059.868262 -13.119342 2.234194 1.078246 0.101983 0.003903 0.988313 -0.113235
1626767059.967811 -13.181964 2.218308 1.156158 0.102031 0.003869 0.989160 -0.105528
1626767060.067286 -13.230169 2.183903 1.232256 0.096782 0.006589 0.990419 -0.098285
1626767060.166820 -13.291005 2.204690 1.247454 0.091359 0.015039 0.990302 -0.103586
1626767060.269090 -13.361966 2.179285 1.200185 0.091435 0.014813 0.989710 -0.109060
1626767060.367235 -13.432423 2.125009 1.232129 0.095077 0.012570 0.988772 -0.114598
1626767060.468081 -13.542271 2.115710 1.138010 0.102672 0.017734 0.987617 -0.117290
1626767060.567593 -13.632763 2.085333 1.157098 0.103709 0.018192 0.987107 -0.120553
1626767060.668513 -13.738199 2.046106 1.174127 0.099283 0.017322 0.987426 -0.121788
1626767060.769360 -13.834950 2.016085 1.205299 0.093618 0.013356 0.988795 -0.115511
1626767060.868907 -13.909189 1.939154 1.204042 0.099349 0.013216 0.989679 -0.102427
1626767060.968416 -13.965971 1.917202 1.243114 0.106787 0.022380 0.988877 -0.101085
1626767061.067964 -14.062054 1.884793 1.183167 0.113788 0.024123 0.988452 -0.097125
1626767061.167502 -14.112400 1.851054 1.235547 0.111618 0.022094 0.989400 -0.090222
1626767061.267002 -14.189039 1.782073 1.264610 0.109612 0.018156 0.989791 -0.089277
1626767061.367856 -14.272324 1.772275 1.278747 0.103089 0.020471 0.989672 -0.097488
1626767061.467373 -14.391063 1.743669 1.222700 0.102207 0.017310 0.988757 -0.107768
1626767061.568285 -14.448837 1.684241 1.259910 0.103479 0.013678 0.988121 -0.112791
1626767061.667774 -14.559460 1.634627 1.276116 0.113662 0.020827 0.986146 -0.119013
1626767061.768612 -14.651723 1.588579 1.310095 0.116234 0.021639 0.985110 -0.124815
1626767061.868147 -14.728549 1.569661 1.321333 0.117563 0.020276 0.984546 -0.128209
1626767061.969585 -14.793501 1.530565 1.329431 0.116531 0.014549 0.984878 -0.127371
1626767062.068538 -14.871046 1.458183 1.365772 0.114163 0.012721 0.985885 -0.121799
1626767062.168123 -14.974876 1.440804 1.377128 0.111604 0.021443 0.986085 -0.121330
1626767062.267672 -15.060100 1.369307 1.328538 0.106694 0.024680 0.987341 -0.114740
1626767062.368467 -15.171031 1.319007 1.327318 0.104885 0.018416 0.988769 -0.104864
1626767062.467999 -15.214712 1.275879 1.417071 0.100274 0.018630 0.988616 -0.110616
1626767062.567533 -15.328833 1.238118 1.406309 0.102302 0.020824 0.986888 -0.123095
1626767062.667038 -15.428786 1.167021 1.423417 0.104964 0.019274 0.986302 -0.125771
1626767062.768041 -15.476249 1.157197 1.410559 0.111476 0.019911 0.985952 -0.122782
1626767062.867461 -15.562372 1.113398 1.402454 0.115653 0.018918 0.985020 -0.126501
1626767062.968323 -15.684063 1.063905 1.432010 0.117084 0.016976 0.984618 -0.128570
1626767063.069144 -15.804495 1.041572 1.459279 0.115681 0.012077 0.985432 -0.124078
1626767063.168738 -15.912004 1.009887 1.510527 0.113750 0.011338 0.986494 -0.117316
1626767063.269554 -15.946613 1.004707 1.525341 0.110673 0.013018 0.988074 -0.106259
1626767063.369143 -15.990407 0.951777 1.507924 0.112189 0.018844 0.988840 -0.096198
1626767063.468640 -16.069445 0.879689 1.471400 0.117580 0.020637 0.989077 -0.086461
1626767063.568193 -16.198818 0.833043 1.520355 0.115993 0.019821 0.989577 -0.083002
1626767063.667713 -16.283968 0.806229 1.533171 0.110729 0.020294 0.989752 -0.087851
1626767063.767252 -16.351955 0.753222 1.506189 0.106390 0.015021 0.990263 -0.088515
1626767063.866775 -16.447979 0.730171 1.539188 0.109635 0.009707 0.989722 -0.091304
1626767063.967627 -16.529350 0.687823 1.574686 0.112948 0.013414 0.989115 -0.093353
1626767064.068511 -16.676208 0.653109 1.574188 0.109987 0.018373 0.989490 -0.092059
1626767064.168025 -16.756065 0.613170 1.583595 0.104540 0.017085 0.990574 -0.086846
1626767064.268863 -16.812115 0.544173 1.559197 0.098971 0.012637 0.991725 -0.080787
1626767064.369470 -16.885181 0.478190 1.539107 0.095749 0.012276 0.992650 -0.072995
1626767064.467997 -16.998108 0.443783 1.604967 0.099819 0.017382 0.992468 -0.068862
1626767064.567458 -17.095991 0.403422 1.604260 0.103730 0.024459 0.992051 -0.066915
1626767064.668353 -17.194933 0.335894 1.610240 0.103351 0.025246 0.992427 -0.061395
1626767064.767832 -17.244251 0.283957 1.638307 0.098694 0.015263 0.993602 -0.052735
1626767064.867455 -17.353010 0.257057 1.651888 0.097586 0.016480 0.993354 -0.058771
1626767064.967030 -17.468277 0.237615 1.663709 0.096474 0.016170 0.992783 -0.069374
1626767065.067778 -17.578953 0.187255 1.678893 0.096766 0.016878 0.992513 -0.072585
1626767065.168646 -17.658844 0.139951 1.670791 0.094310 0.016949 0.992850 -0.071184
1626767065.268344 -17.759207 0.092135 1.708088 0.091669 0.012195 0.993438 -0.067300
1626767065.369012 -17.855236 0.074997 1.701745 0.092781 0.006953 0.993431 -0.066622
1626767065.468564 -17.883352 0.030884 1.692589 0.094598 0.004489 0.993680 -0.060253
1626767065.568105 -17.929123 -0.004417 1.690350 0.098168 0.005733 0.993707 -0.053635
1626767065.669064 -18.051235 -0.045550 1.693308 0.104895 0.018570 0.993044 -0.050163
1626767065.768460 -18.186218 -0.094134 1.717818 0.097847 0.027011 0.994026 -0.040109
1626767065.868049 -18.220602 -0.107575 1.722560 0.091910 0.024085 0.994989 -0.031145
1626767065.967520 -18.272717 -0.132205 1.710769 0.089228 0.022902 0.995431 -0.025119
1626767066.067067 -18.390310 -0.173349 1.686231 0.091998 0.018837 0.995398 -0.019086
1626767066.167936 -18.507458 -0.169998 1.761759 0.101016 0.019383 0.994586 -0.014789
1626767066.267435 -18.557196 -0.182118 1.722361 0.106176 0.020920 0.994098 -0.007652
1626767066.368330 -18.650223 -0.232196 1.782850 0.113893 0.019161 0.993297 0.004730
1626767066.467837 -18.714277 -0.244782 1.805038 0.108572 0.019521 0.993843 0.010355
1626767066.568684 -18.778761 -0.288200 1.796224 0.105511 0.018137 0.994093 0.017831
1626767066.668223 -18.866695 -0.323580 1.796530 0.107986 0.016757 0.993523 0.031165
1626767066.767772 -18.967276 -0.323743 1.790399 0.116894 0.019595 0.992166 0.039486
1626767066.867344 -19.062050 -0.348386 1.812075 0.124681 0.023044 0.990997 0.042991
1626767066.966878 -19.123735 -0.377832 1.804593 0.123642 0.028809 0.991118 0.039596
1626767067.067688 -19.190149 -0.350040 1.814508 0.116219 0.034343 0.992108 0.032179
1626767067.167216 -19.303041 -0.361360 1.752100 0.108267 0.039263 0.992995 0.026408
1626767067.268085 -19.396503 -0.383286 1.805240 0.105716 0.027892 0.993693 0.024907
1626767067.367645 -19.449463 -0.387443 1.847521 0.113494 0.022881 0.993098 0.018738
1626767067.468475 -19.607822 -0.374391 1.829265 0.117816 0.023726 0.992695 0.010600
1626767067.567993 -19.723909 -0.341811 1.877858 0.120792 0.030253 0.992199 0.005912
1626767067.668900 -19.809748 -0.343211 1.877713 0.119381 0.031058 0.992341 0.006562
1626767067.768359 -19.876143 -0.344022 1.807413 0.119663 0.025433 0.992466 0.006763
1626767067.867937 -19.963182 -0.350275 1.844659 0.126880 0.025456 0.991530 0.011053
1626767067.968817 -20.083277 -0.333798 1.877788 0.135012 0.028206 0.990418 0.007017
1626767068.068829 -20.178789 -0.344744 1.872163 0.134715 0.026826 0.990484 0.008562
1626767068.167878 -20.214987 -0.336666 1.891546 0.126421 0.027704 0.991570 0.006184
1626767068.267405 -20.305784 -0.285064 1.879888 0.125554 0.030241 0.991625 0.001540
1626767068.368266 -20.429705 -0.300510 1.857507 0.128072 0.024613 0.991446 -0.005202
1626767068.470687 -20.441622 -0.366910 1.857334 0.137679 0.016641 0.990253 -0.012930
1626767068.567329 -20.525272 -0.408622 1.871740 0.140941 0.012515 0.989667 -0.023207
1626767068.668210 -20.658352 -0.429368 1.902646 0.142421 0.012427 0.989193 -0.032545
1626767068.767750 -20.689646 -0.487780 1.962166 0.135153 0.019885 0.989541 -0.046330
1626767068.868587 -20.790781 -0.467364 1.853170 0.132441 0.015240 0.990041 -0.045241
1626767068.969425 -20.893782 -0.526142 1.918826 0.133219 0.018658 0.990239 -0.036479
1626767069.068950 -20.959784 -0.487667 1.880719 0.150602 0.010485 0.988054 -0.030961
1626767069.168458 -21.051439 -0.457763 1.891917 0.162405 0.007343 0.986246 -0.029830
1626767069.267999 -21.134851 -0.479473 1.882359 0.159450 0.010365 0.986562 -0.034100
1626767069.367551 -21.260380 -0.583803 1.970396 0.153311 0.017824 0.986951 -0.045894
1626767069.467090 -21.329237 -0.559573 2.025980 0.150380 0.020720 0.987066 -0.051542
1626767069.566574 -21.424404 -0.564798 1.881893 0.149184 0.007117 0.986852 -0.061775
1626767069.667454 -21.427208 -0.600533 1.941111 0.152572 0.015080 0.985298 -0.075382
1626767069.768335 -21.518440 -0.637964 1.961724 0.158052 0.015095 0.983813 -0.083087
1626767069.867836 -21.621883 -0.613494 1.998941 0.159309 0.017503 0.983388 -0.085221
1626767069.968688 -21.733982 -0.599420 2.033824 0.156822 0.017710 0.983471 -0.088761
1626767070.068266 -21.804226 -0.658051 2.060585 0.155050 0.019367 0.983726 -0.088698
1626767070.168975 -21.837803 -0.687296 2.050216 0.153400 0.019803 0.983785 -0.090793
1626767070.268657 -21.871731 -0.683981 2.036452 0.151201 0.016194 0.984036 -0.092457
1626767070.368156 -21.948832 -0.709101 2.056624 0.153338 0.012475 0.983519 -0.094988
1626767070.467698 -22.066076 -0.732876 2.112818 0.149164 0.007995 0.983805 -0.099062
1626767070.568652 -22.124731 -0.753403 2.080931 0.140573 0.009470 0.984508 -0.104375
1626767070.668070 -22.181683 -0.768006 2.017379 0.133948 0.001895 0.985308 -0.105942
1626767070.767622 -22.268463 -0.774599 2.075371 0.139990 -0.004946 0.985008 -0.100688
1626767070.868550 -22.300444 -0.806526 2.068472 0.135273 -0.003869 0.984874 -0.108213
1626767070.968616 -22.414095 -0.830783 2.073908 0.135362 -0.004869 0.984914 -0.107691
1626767071.068905 -22.514030 -0.873959 2.122077 0.132924 -0.006050 0.986107 -0.099439
1626767071.168428 -22.506861 -0.905472 2.128998 0.127997 -0.006100 0.987680 -0.089825
1626767071.267928 -22.541330 -0.904855 2.174386 0.128636 0.002826 0.988290 -0.082026
1626767071.368807 -22.529150 -0.907851 2.102451 0.131191 0.015855 0.988781 -0.069633
1626767071.468297 -22.545858 -0.918453 2.047443 0.124955 0.024113 0.990222 -0.057144
1626767071.567879 -22.686478 -0.911659 2.076408 0.117344 0.021991 0.991505 -0.051615
1626767071.667381 -22.704992 -0.884087 2.129723 0.113996 0.019739 0.992400 -0.041930
1626767071.766921 -22.756895 -0.854649 2.071085 0.115974 0.012488 0.992728 -0.029747
1626767071.867729 -22.756617 -0.877378 2.107028 0.114904 0.005908 0.993157 -0.020027
1626767071.967265 -22.758535 -0.914972 2.072476 0.107771 0.005775 0.994004 -0.017576
1626767072.066907 -22.798021 -0.893495 2.061688 0.100117 0.008614 0.994820 -0.015375
1626767072.167674 -22.782660 -0.918149 2.084991 0.091816 0.009418 0.995652 -0.012552
1626767072.267206 -22.802025 -0.869903 2.082408 0.085162 0.014158 0.996133 -0.016293
1626767072.368044 -22.826752 -0.891647 2.013242 0.080761 0.019469 0.996405 -0.016616
1626767072.467599 -22.843246 -0.947463 1.940395 0.075334 0.007624 0.997026 -0.014327
1626767072.570071 -22.816214 -0.952745 1.810585 0.065512 -0.007609 0.997775 -0.009750
1626767072.668010 -22.821325 -0.918201 1.858426 0.068124 -0.008999 0.997633 -0.002557
1626767072.768884 -22.865105 -0.913742 1.964226 0.076294 -0.003703 0.997072 0.003611
1626767072.868424 -22.864262 -0.910369 2.026834 0.079989 0.006612 0.996772 0.001819
1626767072.967894 -22.866301 -0.921896 2.043589 0.079180 0.017237 0.996711 -0.000538
1626767073.067441 -22.795206 -0.950967 1.948763 0.076566 0.016687 0.996923 -0.001808
1626767073.166973 -22.772501 -0.942682 1.875307 0.074885 0.000905 0.997189 -0.002344
1626767073.268053 -22.823893 -0.928542 1.823466 0.058349 -0.010908 0.998230 -0.003559
1626767073.367414 -22.805128 -0.921512 1.857567 0.052750 -0.021400 0.998368 -0.004494
1626767073.468228 -22.836004 -0.915412 1.945980 0.055645 -0.010244 0.998353 -0.009461
1626767073.567769 -22.837635 -0.950182 1.941626 0.054212 0.000835 0.998488 -0.009040
1626767073.668639 -22.843916 -0.946714 1.892742 0.055469 0.002513 0.998425 -0.008031
1626767073.768152 -22.798904 -0.938901 1.862289 0.058441 0.000484 0.998258 -0.008094
1626767073.867731 -22.828039 -0.901977 1.947210 0.061748 0.001240 0.998065 -0.007202
1626767073.967329 -22.828890 -0.914555 1.965479 0.056633 0.008594 0.998278 -0.012649
1626767074.068142 -22.828676 -0.942769 1.968125 0.054175 0.014109 0.998285 -0.017104
1626767074.167588 -22.844688 -0.927695 1.934377 0.056534 0.016305 0.998093 -0.018649
1626767074.267114 -22.861748 -0.894720 1.905613 0.058676 0.016306 0.997920 -0.021145
1626767074.367988 -22.861492 -0.897065 1.899734 0.058054 0.016440 0.997889 -0.024040
1626767074.467504 -22.859478 -0.911769 1.898099 0.056387 0.016522 0.997943 -0.025635
1626767074.568748 -22.872458 -0.925407 1.913140 0.056093 0.015643 0.997991 -0.024966
1626767074.667941 -22.878178 -0.905825 1.926935 0.056727 0.014967 0.997990 -0.023969
1626767074.767465 -22.873619 -0.899591 1.927605 0.057244 0.014094 0.997945 -0.025085
1626767074.868332 -22.884169 -0.917208 1.935094 0.057139 0.016500 0.997664 -0.033619
1626767074.967810 -22.896904 -0.963921 1.920374 0.056800 0.016780 0.997575 -0.036553
1626767075.067835 -22.896118 -0.931341 1.934047 0.057521 0.016203 0.997589 -0.035280
1626767075.168259 -22.882080 -0.931530 1.945545 0.057953 0.015674 0.997571 -0.035319
1626767075.267767 -22.883400 -0.938220 1.951550 0.058109 0.015552 0.997566 -0.035257
1626767075.368588 -22.885368 -0.938556 1.944792 0.057906 0.016544 0.997555 -0.035452
1626767075.468132 -22.894897 -0.929117 1.946322 0.058003 0.016205 0.997555 -0.035445
1626767075.567668 -22.893057 -0.925554 1.935943 0.057776 0.015822 0.997532 -0.036615
1626767075.667233 -22.894167 -0.931835 1.923811 0.056967 0.015730 0.997559 -0.037189
1626767075.768088 -22.886602 -0.925066 1.918745 0.056878 0.015241 0.997544 -0.037926
1626767075.867596 -22.884344 -0.922685 1.910254 0.056524 0.015607 0.997529 -0.038692
1626767075.968456 -22.883253 -0.922152 1.910322 0.056164 0.015848 0.997550 -0.038568
1626767076.068004 -22.890078 -0.926818 1.912865 0.056405 0.015813 0.997525 -0.038893
1626767076.167527 -22.900812 -0.923223 1.922615 0.056874 0.015581 0.997506 -0.038791
1626767076.268381 -22.899975 -0.928216 1.924929 0.057050 0.015580 0.997509 -0.038442
1626767076.367947 -22.882406 -0.926656 1.923218 0.057148 0.015294 0.997500 -0.038653
1626767076.467463 -22.888075 -0.919068 1.918693 0.056808 0.015259 0.997523 -0.038577
1626767076.568333 -22.905210 -0.926897 1.913558 0.056808 0.015075 0.997519 -0.038757
1626767076.667851 -22.905746 -0.918853 1.902885 0.056783 0.014372 0.997537 -0.038590
1626767076.767375 -22.899221 -0.926688 1.903569 0.056498 0.014556 0.997543 -0.038796
1626767076.868214 -22.902149 -0.925955 1.910238 0.056680 0.015066 0.997520 -0.038914
1626767076.967782 -22.900379 -0.931514 1.912317 0.056536 0.015382 0.997512 -0.039212
1626767077.067306 -22.901276 -0.932892 1.917746 0.056713 0.014989 0.997515 -0.039014
1626767077.170632 -22.886391 -0.931205 1.921064 0.057115 0.015187 0.997499 -0.038769
1626767077.267668 -22.908556 -0.909186 1.906422 0.057281 0.014662 0.997525 -0.038057
1626767077.367232 -22.899937 -0.901557 1.904837 0.057193 0.014593 0.997522 -0.038278
1626767077.468101 -22.863838 -0.901979 1.886990 0.055385 0.014566 0.997327 -0.045370
1626767077.567596 -22.868382 -0.894731 1.889981 0.058637 0.012028 0.996999 -0.049094
1626767077.667123 -22.798262 -0.890939 1.888690 0.065683 0.009295 0.996364 -0.053467
1626767077.768033 -22.803436 -0.886734 1.966686 0.078422 0.008228 0.994935 -0.062345
1626767077.867532 -22.800858 -0.921234 1.948938 0.073987 0.014551 0.994616 -0.071090
1626767077.968435 -22.836380 -0.901526 1.955543 0.064415 0.017432 0.994673 -0.078562
1626767078.067947 -22.849594 -0.927673 1.972395 0.061547 0.015459 0.994207 -0.086746
1626767078.167463 -22.829229 -0.960088 1.966792 0.064023 0.014274 0.993051 -0.097711
1626767078.267001 -22.817429 -0.932070 1.947476 0.069418 0.015106 0.991087 -0.112692
1626767078.367846 -22.772612 -0.924385 1.945072 0.072769 0.018141 0.988844 -0.128698
1626767078.467507 -22.742035 -0.927432 1.941458 0.077205 0.018700 0.986310 -0.144509
1626767078.569811 -22.717630 -0.937085 1.946183 0.080020 0.020950 0.983300 -0.162110
1626767078.667775 -22.713188 -0.954780 1.954837 0.080649 0.022813 0.979980 -0.180594
1626767078.767267 -22.742529 -0.945253 2.000971 0.082253 0.021475 0.976361 -0.198727
1626767078.868123 -22.770447 -0.920891 1.960926 0.082619 0.018665 0.971604 -0.220933
1626767078.967686 -22.806175 -0.948108 1.980206 0.084155 0.018682 0.965798 -0.244546
1626767079.068827 -22.800318 -0.962939 2.017315 0.087342 0.016439 0.961050 -0.261693
1626767079.168118 -22.808758 -0.979511 2.044635 0.091502 0.014173 0.956028 -0.278274
1626767079.268920 -22.705767 -1.025974 1.990007 0.090122 0.014508 0.951396 -0.294131
1626767079.368452 -22.667229 -1.033092 1.937095 0.087064 0.012757 0.946582 -0.310227
1626767079.468017 -22.713127 -1.088688 1.943431 0.084123 0.008113 0.939986 -0.330581
1626767079.569805 -22.722185 -1.079094 2.003410 0.085859 0.003966 0.933003 -0.349455
1626767079.668378 -22.680679 -1.087205 2.010353 0.084700 0.005459 0.925066 -0.370201
1626767079.767890 -22.638525 -1.092059 1.989688 0.079776 0.008929 0.916225 -0.392539
1626767079.867419 -22.587065 -1.152273 1.986694 0.076677 0.008586 0.906470 -0.415161
1626767079.966978 -22.594400 -1.172470 1.954685 0.077011 0.003580 0.893594 -0.442207
1626767080.067844 -22.596130 -1.197475 1.902157 0.074014 0.005839 0.879945 -0.469239
1626767080.168628 -22.582092 -1.206971 1.890325 0.072772 0.014446 0.866589 -0.493476
1626767080.268272 -22.567511 -1.223998 1.876388 -0.071137 -0.020332 -0.851734 0.518724
1626767080.367759 -22.528378 -1.326456 1.942351 -0.074515 -0.012424 -0.834631 0.545605
1626767080.467352 -22.533098 -1.347053 2.026564 -0.075105 -0.008997 -0.816427 0.572473
1626767080.568171 -22.525206 -1.400971 2.050244 -0.073768 -0.008596 -0.798806 0.596987
1626767080.667679 -22.536098 -1.481171 2.070394 -0.067853 -0.010383 -0.783524 0.617558
1626767080.768574 -22.520729 -1.474326 2.048179 -0.059845 -0.016331 -0.770536 0.634371
1626767080.868069 -22.441700 -1.501548 1.987522 -0.051156 -0.022742 -0.759234 0.648405
1626767080.968933 -22.397928 -1.556259 1.933616 -0.049001 -0.027350 -0.750996 0.657918
1626767081.068458 -22.394535 -1.600030 1.971035 -0.050759 -0.036042 -0.739049 0.670769
1626767081.168006 -22.389980 -1.645975 1.993570 -0.051985 -0.037858 -0.733287 0.676871
1626767081.267529 -22.356565 -1.669296 1.975225 -0.045991 -0.036373 -0.726841 0.684299
1626767081.368450 -22.256704 -1.705733 1.949829 -0.042143 -0.029587 -0.719134 0.692961
1626767081.467899 -22.204384 -1.732984 1.941350 -0.043555 -0.020027 -0.713164 0.699356
1626767081.567436 -22.241322 -1.774471 2.064098 -0.057107 -0.018323 -0.705583 0.706084
1626767081.667006 -22.263296 -1.858371 2.055839 -0.060647 -0.015323 -0.696938 0.714398
1626767081.767806 -22.296459 -1.899724 2.068580 -0.061959 -0.014458 -0.685232 0.725541
1626767081.867328 -22.296099 -2.006627 2.120215 -0.059110 -0.019994 -0.675325 0.734876
1626767081.968216 -22.197536 -2.072549 2.078042 -0.056697 -0.023533 -0.667568 0.742014
1626767082.067776 -22.106953 -2.102010 2.058840 -0.049172 -0.024753 -0.657200 0.751703
1626767082.167289 -22.085749 -2.153976 2.030561 -0.041324 -0.027533 -0.648379 0.759696
1626767082.268109 -22.067020 -2.230282 2.062728 -0.035576 -0.029646 -0.638525 0.768206
1626767082.367661 -22.070070 -2.303233 1.958103 -0.032514 -0.017768 -0.633799 0.772610
1626767082.467201 -22.024677 -2.341405 1.949343 -0.033939 -0.013049 -0.623781 0.780753
1626767082.568056 -21.975609 -2.371232 1.944921 -0.038191 -0.012457 -0.612020 0.789821
1626767082.667643 -21.978903 -2.433418 2.028960 -0.050280 -0.008834 -0.591511 0.804679
1626767082.767096 -21.952137 -2.449713 2.125025 -0.062377 -0.002009 -0.562101 0.824710
1626767082.866675 -21.927490 -2.489688 2.129492 -0.068842 0.001838 -0.527377 0.846836
1626767082.966337 -21.924242 -2.625794 2.102613 -0.069583 0.000545 -0.488020 0.870054
1626767083.067022 -21.836428 -2.680512 2.029820 -0.071926 -0.002206 -0.448974 0.890643
1626767083.167876 -21.759634 -2.805654 2.010674 -0.070459 -0.001340 -0.415377 0.906916
1626767083.268762 -21.758127 -2.829927 1.954979 -0.070323 -0.003435 -0.385445 0.920041
1626767083.368326 -21.721060 -2.947010 1.914143 -0.069560 -0.003803 -0.356023 0.931877
1626767083.469281 -21.647953 -2.993593 1.944307 -0.071149 -0.002576 -0.328341 0.941872
1626767083.568757 -21.611298 -3.016054 1.957811 -0.059579 -0.004009 -0.300026 0.952060
1626767083.668223 -21.575293 -3.122831 2.009334 -0.057374 -0.005274 -0.264925 0.962546
1626767083.767744 -21.476923 -3.143004 2.000871 -0.055895 -0.006302 -0.240782 0.968948
1626767083.868649 -21.427813 -3.179214 1.987198 -0.055293 -0.002359 -0.212018 0.975697
1626767083.968142 -21.366497 -3.253702 2.050392 -0.057993 0.001242 -0.185738 0.980886
1626767084.067706 -21.290869 -3.327110 2.013490 -0.053262 -0.006798 -0.152155 0.986897
1626767084.167215 -21.168104 -3.311565 2.092063 -0.040673 -0.007301 -0.126153 0.991150
1626767084.268076 -21.106321 -3.385111 2.020615 -0.037167 -0.014354 -0.107136 0.993446
1626767084.368915 -21.008011 -3.345805 1.910707 -0.036713 -0.017644 -0.096258 0.994523
1626767084.468457 -20.907877 -3.372849 1.929646 -0.047423 -0.015011 -0.083122 0.995297
1626767084.567954 -20.799210 -3.418856 1.957681 -0.050673 -0.014927 -0.072123 0.995996
1626767084.668817 -20.752384 -3.442528 1.966832 -0.042903 -0.014764 -0.067265 0.996703
1626767084.768426 -20.666670 -3.443621 1.882881 -0.042423 -0.011805 -0.059444 0.997260
1626767084.867925 -20.549801 -3.439976 1.843287 -0.041214 -0.006562 -0.054158 0.997660
1626767084.967438 -20.436136 -3.449901 1.888867 -0.037678 0.002689 -0.048926 0.998088
1626767085.067004 -20.324394 -3.432415 1.852838 -0.035466 0.002554 -0.041355 0.998512
1626767085.166521 -20.209286 -3.489822 1.757350 -0.030496 0.001669 -0.029628 0.999094
1626767085.267369 -20.112997 -3.477740 1.883639 -0.017226 0.008881 -0.024093 0.999522
1626767085.368233 -20.010548 -3.479125 1.843865 -0.019250 0.005226 -0.023909 0.999515
1626767085.467761 -19.899103 -3.497505 1.782790 -0.021906 0.000311 -0.022883 0.999498
1626767085.567319 -19.808920 -3.488127 1.813319 -0.016640 -0.001794 -0.023677 0.999580
1626767085.668116 -19.689220 -3.499295 1.784073 -0.016547 -0.001031 -0.026722 0.999505
1626767085.767655 -19.624945 -3.473616 1.792307 -0.015790 0.006252 -0.034006 0.999277
1626767085.867186 -19.518751 -3.456225 1.800233 -0.017569 0.013519 -0.035602 0.999120
1626767085.966796 -19.408997 -3.487959 1.757920 -0.013826 0.013861 -0.029429 0.999375
1626767086.067604 -19.301310 -3.489947 1.771647 -0.010480 0.010417 -0.024741 0.999585
1626767086.167144 -19.192705 -3.497868 1.769826 -0.008276 0.003535 -0.019830 0.999763
1626767086.267986 -19.093357 -3.489635 1.758181 -0.010693 0.000982 -0.015267 0.999826
1626767086.367531 -19.027683 -3.504678 1.787890 -0.014660 0.009738 -0.009827 0.999797
1626767086.468353 -18.914595 -3.499923 1.750753 -0.017278 0.014164 -0.004093 0.999742
1626767086.567932 -18.805557 -3.495652 1.754836 -0.019121 0.014996 -0.002677 0.999701
1626767086.668754 -18.676249 -3.492915 1.797405 -0.016764 0.016729 -0.003913 0.999712
1626767086.768315 -18.634718 -3.491845 1.777740 -0.014881 0.016248 -0.003471 0.999751
1626767086.867828 -18.530478 -3.475997 1.780364 -0.011531 0.022752 -0.006093 0.999656
1626767086.967368 -18.430943 -3.488435 1.818995 -0.007103 0.026789 -0.008578 0.999579
1626767087.066866 -18.299732 -3.460644 1.768040 -0.000762 0.027421 -0.005748 0.999607
1626767087.166433 -18.183760 -3.431759 1.736577 0.002315 0.029241 -0.001056 0.999569
1626767087.269840 -18.088257 -3.454939 1.717619 0.002174 0.028952 0.006276 0.999559
1626767087.366850 -17.936838 -3.457068 1.714425 0.000080 0.025437 0.010025 0.999626
1626767087.467676 -17.830944 -3.481581 1.735013 -0.000800 0.029093 0.014864 0.999466
1626767087.567171 -17.708069 -3.451875 1.731254 0.006084 0.036177 0.014010 0.999229
1626767087.668071 -17.557966 -3.468062 1.676118 0.002847 0.034072 0.007916 0.999384
1626767087.767997 -17.527554 -3.449378 1.657602 0.000317 0.032661 -0.003589 0.999460
1626767087.868430 -17.316744 -3.443655 1.668673 -0.003612 0.042415 -0.005233 0.999080
1626767087.967982 -17.206217 -3.423304 1.694543 -0.005067 0.048724 -0.014071 0.998700
1626767088.068781 -17.126816 -3.402394 1.690446 -0.001574 0.046951 -0.018041 0.998733
1626767088.167072 -17.039528 -3.396720 1.669510 0.002596 0.044346 -0.014408 0.998909
1626767088.266624 -16.930243 -3.373070 1.646716 0.009085 0.039654 -0.008809 0.999133
1626767088.367403 -16.814611 -3.375688 1.605066 0.010576 0.037764 -0.003374 0.999225
1626767088.466999 -16.721495 -3.355353 1.576467 0.007062 0.038347 -0.000007 0.999240
1626767088.567810 -16.570139 -3.334420 1.576976 0.003491 0.035228 0.003437 0.999367
1626767088.668705 -16.402140 -3.335992 1.576350 -0.001358 0.031500 0.006210 0.999484
1626767088.768205 -16.320374 -3.317022 1.582302 0.005758 0.033330 0.006660 0.999406
1626767088.867795 -16.191124 -3.305697 1.593428 0.002561 0.036924 0.004371 0.999305
1626767088.968620 -16.071342 -3.301252 1.616267 0.000314 0.042383 0.001311 0.999101
1626767089.068125 -15.966670 -3.318490 1.596735 0.004553 0.050174 0.000889 0.998730
1626767089.167674 -15.867123 -3.306283 1.569689 0.003403 0.055602 0.002650 0.998444
1626767089.267459 -15.743840 -3.259912 1.598385 0.006507 0.052093 0.009927 0.998572
1626767089.366705 -15.620350 -3.251339 1.539085 0.011226 0.036293 0.014170 0.999178
1626767089.467597 -15.511270 -3.272064 1.488909 0.011376 0.035862 0.016200 0.999161
1626767089.567107 -15.411086 -3.229465 1.508434 0.009252 0.034866 0.014204 0.999248
1626767089.667996 -15.254043 -3.231818 1.510416 0.008484 0.031975 0.015741 0.999329
1626767089.768462 -15.161942 -3.242347 1.468912 0.018416 0.026979 0.017631 0.999311
1626767089.867033 -15.011684 -3.210062 1.405216 0.016292 0.025278 0.020302 0.999341
1626767089.967955 -14.864795 -3.204161 1.424331 0.010088 0.030133 0.014889 0.999384
1626767090.067460 -14.792838 -3.207227 1.451505 0.011633 0.031983 0.013969 0.999323
1626767090.166990 -14.673581 -3.180290 1.415364 0.009725 0.031032 0.018702 0.999296
1626767090.266512 -14.591789 -3.191317 1.411934 0.005165 0.028267 0.027335 0.999213
1626767090.367352 -14.428222 -3.219199 1.409754 0.000606 0.021511 0.033680 0.999201
1626767090.466958 -14.293414 -3.229910 1.416944 0.004755 0.024852 0.040889 0.998843
1626767090.567722 -14.181202 -3.225239 1.399746 0.010452 0.030207 0.045284 0.998463
1626767090.668621 -14.068409 -3.195219 1.386948 0.008588 0.030234 0.043882 0.998542
1626767090.769838 -13.930297 -3.151698 1.438645 0.011400 0.028503 0.038963 0.998769
1626767090.867702 -13.796797 -3.143560 1.341629 0.018353 0.023596 0.034323 0.998964
1626767090.968588 -13.663480 -3.138316 1.290376 0.017979 0.024826 0.026416 0.999181
1626767091.068085 -13.576799 -3.150788 1.323598 0.017020 0.026313 0.019124 0.999326
1626767091.167598 -13.481115 -3.145836 1.301342 0.016759 0.025945 0.019227 0.999338
1626767091.267194 -13.349185 -3.129360 1.285578 0.021480 0.021626 0.024935 0.999224
1626767091.366673 -13.229456 -3.107877 1.274127 0.022244 0.019658 0.027093 0.999192
1626767091.467492 -13.144064 -3.104317 1.242113 0.020146 0.022288 0.029448 0.999115
1626767091.567068 -13.033896 -3.108931 1.264477 0.021797 0.020409 0.033669 0.998987
1626767091.667899 -12.917009 -3.100991 1.215452 0.015914 0.019369 0.034386 0.999094
1626767091.767440 -12.748822 -3.080791 1.225454 0.014832 0.018976 0.032601 0.999178
